199999;
200001;
200003;
200005;
200007;
200009;
200011;
200013;
200015;
200017;
200019;
200021;
200023;
200025;
200027;
200029;
200031;
200033;
200035;
200037;
200039;
200041;
200043;
200045;
200047;
200049;
200051;
200053;
200055;
200057;
200059;
200061;
200063;
200065;
200067;
200069;
200071;
200073;
200075;
200077;
200079;
200081;
200083;
200085;
200087;
200089;
200091;
200093;
200095;
200097;
200099;
200101;
200103;
200105;
200107;
200109;
200111;
200113;
200115;
200117;
200119;
200121;
200123;
200125;
200127;
200129;
200131;
200133;
200135;
200137;
200139;
200141;
200143;
200145;
200147;
200149;
200151;
200153;
200155;
200157;
200159;
200161;
200163;
200165;
200167;
200169;
200171;
200173;
200175;
200177;
200179;
200181;
200183;
200185;
200187;
200189;
200191;
200193;
200195;
200197;
200199;
200201;
200203;
200205;
200207;
200209;
200211;
200213;
200215;
200217;
200219;
200221;
200223;
200225;
200227;
200229;
200231;
200233;
200235;
200237;
200239;
200241;
200243;
200245;
200247;
200249;
200251;
200253;
200255;
200257;
200259;
200261;
200263;
200265;
200267;
200269;
200271;
200273;
200275;
200277;
200279;
200281;
200283;
200285;
200287;
200289;
200291;
200293;
200295;
200297;
200299;
200301;
200303;
200305;
200307;
200309;
200311;
200313;
200315;
200317;
200319;
200321;
200323;
200325;
200327;
200329;
200331;
200333;
200335;
200337;
200339;
200341;
200343;
200345;
200347;
200349;
200351;
200353;
200355;
200357;
200359;
200361;
200363;
200365;
200367;
200369;
200371;
200373;
200375;
200377;
200379;
200381;
200383;
200385;
200387;
200389;
200391;
200393;
200395;
200397;
200399;
200401;
200403;
200405;
200407;
200409;
200411;
200413;
200415;
200417;
200419;
200421;
200423;
200425;
200427;
200429;
200431;
200433;
200435;
200437;
200439;
200441;
200443;
200445;
200447;
200449;
200451;
200453;
200455;
200457;
200459;
200461;
200463;
200465;
200467;
200469;
200471;
200473;
200475;
200477;
200479;
200481;
200483;
200485;
200487;
200489;
200491;
200493;
200495;
200497;
200499;
200501;
200503;
200505;
200507;
200509;
200511;
200513;
200515;
200517;
200519;
200521;
200523;
200525;
200527;
200529;
200531;
200533;
200535;
200537;
200539;
200541;
200543;
200545;
200547;
200549;
200551;
200553;
200555;
200557;
200559;
200561;
200563;
200565;
200567;
200569;
200571;
200573;
200575;
200577;
200579;
200581;
200583;
200585;
200587;
200589;
200591;
200593;
200595;
200597;
200599;
200601;
200603;
200605;
200607;
200609;
200611;
200613;
200615;
200617;
200619;
200621;
200623;
200625;
200627;
200629;
200631;
200633;
200635;
200637;
200639;
200641;
200643;
200645;
200647;
200649;
200651;
200653;
200655;
200657;
200659;
200661;
200663;
200665;
200667;
200669;
200671;
200673;
200675;
200677;
200679;
200681;
200683;
200685;
200687;
200689;
200691;
200693;
200695;
200697;
200699;
200701;
200703;
200705;
200707;
200709;
200711;
200713;
200715;
200717;
200719;
200721;
200723;
200725;
200727;
200729;
200731;
200733;
200735;
200737;
200739;
200741;
200743;
200745;
200747;
200749;
200751;
200753;
200755;
200757;
200759;
200761;
200763;
200765;
200767;
200769;
200771;
200773;
200775;
200777;
200779;
200781;
200783;
200785;
200787;
200789;
200791;
200793;
200795;
200797;
200799;
200801;
200803;
200805;
200807;
200809;
200811;
200813;
200815;
200817;
200819;
200821;
200823;
200825;
200827;
200829;
200831;
200833;
200835;
200837;
200839;
200841;
200843;
200845;
200847;
200849;
200851;
200853;
200855;
200857;
200859;
200861;
200863;
200865;
200867;
200869;
200871;
200873;
200875;
200877;
200879;
200881;
200883;
200885;
200887;
200889;
200891;
200893;
200895;
200897;
200899;
200901;
200903;
200905;
200907;
200909;
200911;
200913;
200915;
200917;
200919;
200921;
200923;
200925;
200927;
200929;
200931;
200933;
200935;
200937;
200939;
200941;
200943;
200945;
200947;
200949;
200951;
200953;
200955;
200957;
200959;
200961;
200963;
200965;
200967;
200969;
200971;
200973;
200975;
200977;
200979;
200981;
200983;
200985;
200987;
200989;
200991;
200993;
200995;
200997;
200999;
201001;
201003;
201005;
201007;
201009;
201011;
201013;
201015;
201017;
201019;
201021;
201023;
201025;
201027;
201029;
201031;
201033;
201035;
201037;
201039;
201041;
201043;
201045;
201047;
201049;
201051;
201053;
201055;
201057;
201059;
201061;
201063;
201065;
201067;
201069;
201071;
201073;
201075;
201077;
201079;
201081;
201083;
201085;
201087;
201089;
201091;
201093;
201095;
201097;
201099;
201101;
201103;
201105;
201107;
201109;
201111;
201113;
201115;
201117;
201119;
201121;
201123;
201125;
201127;
201129;
201131;
201133;
201135;
201137;
201139;
201141;
201143;
201145;
201147;
201149;
201151;
201153;
201155;
201157;
201159;
201161;
201163;
201165;
201167;
201169;
201171;
201173;
201175;
201177;
201179;
201181;
201183;
201185;
201187;
201189;
201191;
201193;
201195;
201197;
201199;
201201;
201203;
201205;
201207;
201209;
201211;
201213;
201215;
201217;
201219;
201221;
201223;
201225;
201227;
201229;
201231;
201233;
201235;
201237;
201239;
201241;
201243;
201245;
201247;
201249;
201251;
201253;
201255;
201257;
201259;
201261;
201263;
201265;
201267;
201269;
201271;
201273;
201275;
201277;
201279;
201281;
201283;
201285;
201287;
201289;
201291;
201293;
201295;
201297;
201299;
201301;
201303;
201305;
201307;
201309;
201311;
201313;
201315;
201317;
201319;
201321;
201323;
201325;
201327;
201329;
201331;
201333;
201335;
201337;
201339;
201341;
201343;
201345;
201347;
201349;
201351;
201353;
201355;
201357;
201359;
201361;
201363;
201365;
201367;
201369;
201371;
201373;
201375;
201377;
201379;
201381;
201383;
201385;
201387;
201389;
201391;
201393;
201395;
201397;
201399;
201401;
201403;
201405;
201407;
201409;
201411;
201413;
201415;
201417;
201419;
201421;
201423;
201425;
201427;
201429;
201431;
201433;
201435;
201437;
201439;
201441;
201443;
201445;
201447;
201449;
201451;
201453;
201455;
201457;
201459;
201461;
201463;
201465;
201467;
201469;
201471;
201473;
201475;
201477;
201479;
201481;
201483;
201485;
201487;
201489;
201491;
201493;
201495;
201497;
201499;
201501;
201503;
201505;
201507;
201509;
201511;
201513;
201515;
201517;
201519;
201521;
201523;
201525;
201527;
201529;
201531;
201533;
201535;
201537;
201539;
201541;
201543;
201545;
201547;
201549;
201551;
201553;
201555;
201557;
201559;
201561;
201563;
201565;
201567;
201569;
201571;
201573;
201575;
201577;
201579;
201581;
201583;
201585;
201587;
201589;
201591;
201593;
201595;
201597;
201599;
201601;
201603;
201605;
201607;
201609;
201611;
201613;
201615;
201617;
201619;
201621;
201623;
201625;
201627;
201629;
201631;
201633;
201635;
201637;
201639;
201641;
201643;
201645;
201647;
201649;
201651;
201653;
201655;
201657;
201659;
201661;
201663;
201665;
201667;
201669;
201671;
201673;
201675;
201677;
201679;
201681;
201683;
201685;
201687;
201689;
201691;
201693;
201695;
201697;
201699;
201701;
201703;
201705;
201707;
201709;
201711;
201713;
201715;
201717;
201719;
201721;
201723;
201725;
201727;
201729;
201731;
201733;
201735;
201737;
201739;
201741;
201743;
201745;
201747;
201749;
201751;
201753;
201755;
201757;
201759;
201761;
201763;
201765;
201767;
201769;
201771;
201773;
201775;
201777;
201779;
201781;
201783;
201785;
201787;
201789;
201791;
201793;
201795;
201797;
201799;
201801;
201803;
201805;
201807;
201809;
201811;
201813;
201815;
201817;
201819;
201821;
201823;
201825;
201827;
201829;
201831;
201833;
201835;
201837;
201839;
201841;
201843;
201845;
201847;
201849;
201851;
201853;
201855;
201857;
201859;
201861;
201863;
201865;
201867;
201869;
201871;
201873;
201875;
201877;
201879;
201881;
201883;
201885;
201887;
201889;
201891;
201893;
201895;
201897;
201899;
201901;
201903;
201905;
201907;
201909;
201911;
201913;
201915;
201917;
201919;
201921;
201923;
201925;
201927;
201929;
201931;
201933;
201935;
201937;
201939;
201941;
201943;
201945;
201947;
201949;
201951;
201953;
201955;
201957;
201959;
201961;
201963;
201965;
201967;
201969;
201971;
201973;
201975;
201977;
201979;
201981;
201983;
201985;
201987;
201989;
201991;
201993;
201995;
201997;
201999;
202001;
202003;
202005;
202007;
202009;
202011;
202013;
202015;
202017;
202019;
202021;
202023;
202025;
202027;
202029;
202031;
202033;
202035;
202037;
202039;
202041;
202043;
202045;
202047;
202049;
202051;
202053;
202055;
202057;
202059;
202061;
202063;
202065;
202067;
202069;
202071;
202073;
202075;
202077;
202079;
202081;
202083;
202085;
202087;
202089;
202091;
202093;
202095;
202097;
202099;
202101;
202103;
202105;
202107;
202109;
202111;
202113;
202115;
202117;
202119;
202121;
202123;
202125;
202127;
202129;
202131;
202133;
202135;
202137;
202139;
202141;
202143;
202145;
202147;
202149;
202151;
202153;
202155;
202157;
202159;
202161;
202163;
202165;
202167;
202169;
202171;
202173;
202175;
202177;
202179;
202181;
202183;
202185;
202187;
202189;
202191;
202193;
202195;
202197;
202199;
202201;
202203;
202205;
202207;
202209;
202211;
202213;
202215;
202217;
202219;
202221;
202223;
202225;
202227;
202229;
202231;
202233;
202235;
202237;
202239;
202241;
202243;
202245;
202247;
202249;
202251;
202253;
202255;
202257;
202259;
202261;
202263;
202265;
202267;
202269;
202271;
202273;
202275;
202277;
202279;
202281;
202283;
202285;
202287;
202289;
202291;
202293;
202295;
202297;
202299;
202301;
202303;
202305;
202307;
202309;
202311;
202313;
202315;
202317;
202319;
202321;
202323;
202325;
202327;
202329;
202331;
202333;
202335;
202337;
202339;
202341;
202343;
202345;
202347;
202349;
202351;
202353;
202355;
202357;
202359;
202361;
202363;
202365;
202367;
202369;
202371;
202373;
202375;
202377;
202379;
202381;
202383;
202385;
202387;
202389;
202391;
202393;
202395;
202397;
202399;
202401;
202403;
202405;
202407;
202409;
202411;
202413;
202415;
202417;
202419;
202421;
202423;
202425;
202427;
202429;
202431;
202433;
202435;
202437;
202439;
202441;
202443;
202445;
202447;
202449;
202451;
202453;
202455;
202457;
202459;
202461;
202463;
202465;
202467;
202469;
202471;
202473;
202475;
202477;
202479;
202481;
202482;
202484;
202486;
202488;
202490;
202492;
202494;
202496;
202498;
202500;
202502;
202504;
202506;
202508;
202510;
202512;
202514;
202516;
202518;
202520;
202522;
202524;
202526;
202528;
202530;
202532;
202534;
202536;
202538;
202540;
202542;
202544;
202546;
202548;
202550;
202552;
202554;
202556;
202558;
202560;
202562;
202564;
202566;
202568;
202570;
202572;
202574;
202576;
202578;
202580;
202582;
202584;
202586;
202588;
202590;
202592;
202594;
202596;
202598;
202600;
202602;
202604;
202606;
202608;
202610;
202612;
202614;
202616;
202618;
202620;
202622;
202624;
202626;
202628;
202630;
202632;
202634;
202636;
202638;
202640;
202642;
202644;
202646;
202648;
202650;
202652;
202654;
202656;
202658;
202660;
202662;
202664;
202666;
202668;
202670;
202672;
202674;
202676;
202678;
202680;
202682;
202684;
202686;
202688;
202690;
202692;
202694;
202696;
202698;
202700;
202702;
202704;
202706;
202708;
202710;
202712;
202714;
202716;
202718;
202720;
202722;
202724;
202726;
202728;
202730;
202732;
202734;
202736;
202738;
202740;
202742;
202744;
202746;
202748;
202750;
202752;
202754;
202756;
202758;
202760;
202762;
202764;
202766;
202768;
202770;
202772;
202775;
202777;
202779;
202781;
202783;
202785;
202787;
202789;
202791;
202793;
202795;
202797;
202799;
202801;
202803;
202805;
202807;
202809;
202811;
202813;
202815;
202817;
202819;
202821;
202823;
202825;
202827;
202829;
202831;
202833;
202835;
202837;
202839;
202841;
202843;
202845;
202847;
202849;
202851;
202853;
202855;
202857;
202859;
202861;
202863;
202865;
202867;
202869;
202871;
202873;
202875;
202877;
202879;
202881;
202883;
202885;
202887;
202889;
202891;
202893;
202895;
202897;
202899;
202901;
202903;
202905;
202907;
202909;
202911;
202913;
202915;
202917;
202919;
202921;
202923;
202925;
202927;
202929;
202931;
202933;
202935;
202937;
202939;
202941;
202943;
202945;
202947;
202949;
202951;
202953;
202955;
202957;
202959;
202961;
202963;
202965;
202967;
202969;
202971;
202973;
202975;
202977;
202979;
202981;
202983;
202985;
202987;
202989;
202991;
202993;
202995;
202997;
202999;
203001;
203003;
203005;
203007;
203009;
203011;
203013;
203015;
203017;
203019;
203021;
203023;
203025;
203027;
203029;
203031;
203033;
203035;
203037;
203039;
203041;
203043;
203045;
203047;
203049;
203051;
203053;
203055;
203057;
203059;
203061;
203063;
203065;
203067;
203069;
203071;
203073;
203075;
203077;
203079;
203081;
203083;
203085;
203087;
203089;
203091;
203093;
203095;
203097;
203099;
203101;
203103;
203105;
203107;
203109;
203111;
203113;
203115;
203117;
203119;
203121;
203123;
203125;
203127;
203129;
203131;
203133;
203135;
203137;
203139;
203141;
203143;
203145;
203147;
203149;
203151;
203153;
203155;
203157;
203159;
203161;
203163;
203165;
203167;
203169;
203171;
203173;
203175;
203177;
203179;
203181;
203183;
203185;
203187;
203189;
203191;
203193;
203195;
203197;
203199;
203201;
203203;
203205;
203207;
203209;
203211;
203213;
203215;
203217;
203219;
203221;
203223;
203225;
203227;
203229;
203231;
203233;
203235;
203237;
203239;
203241;
203243;
203245;
203247;
203249;
203251;
203253;
203255;
203257;
203259;
203261;
203263;
203265;
203267;
203269;
203271;
203273;
203275;
203277;
203279;
203281;
203283;
203285;
203287;
203289;
203291;
203293;
203295;
203297;
203299;
203301;
203303;
203305;
203307;
203309;
203311;
203313;
203315;
203317;
203319;
203321;
203323;
203325;
203327;
203329;
203331;
203333;
203335;
203337;
203339;
203341;
203343;
203345;
203347;
203349;
203351;
203353;
203355;
203357;
203359;
203361;
203363;
203365;
203367;
203369;
203371;
203373;
203375;
203377;
203379;
203381;
203383;
203385;
203387;
203389;
203391;
203393;
203395;
203397;
203399;
203401;
203403;
203405;
203407;
203409;
203411;
203413;
203415;
203417;
203419;
203421;
203423;
203425;
203427;
203429;
203431;
203433;
203435;
203437;
203439;
203441;
203443;
203445;
203447;
203449;
203451;
203453;
203455;
203457;
203459;
203461;
203463;
203465;
203467;
203469;
203471;
203473;
203475;
203477;
203479;
203481;
203483;
203485;
203487;
203489;
203491;
203493;
203495;
203497;
203499;
203501;
203503;
203505;
203507;
203509;
203511;
203513;
203515;
203517;
203519;
203521;
203523;
203525;
203527;
203529;
203531;
203533;
203535;
203537;
203539;
203541;
203543;
203545;
203547;
203549;
203551;
203553;
203555;
203557;
203559;
203561;
203563;
203565;
203567;
203569;
203571;
203573;
203575;
203577;
203579;
203581;
203583;
203585;
203587;
203589;
203591;
203593;
203595;
203597;
203599;
203601;
203603;
203605;
203607;
203609;
203611;
203613;
203615;
203617;
203619;
203621;
203623;
203625;
203627;
203629;
203631;
203633;
203635;
203637;
203639;
203641;
203643;
203645;
203647;
203649;
203651;
203653;
203655;
203657;
203659;
203661;
203663;
203665;
203667;
203669;
203671;
203673;
203675;
203677;
203679;
203681;
203683;
203685;
203687;
203689;
203691;
203693;
203695;
203697;
203699;
203701;
203703;
203705;
203707;
203709;
203711;
203713;
203715;
203717;
203719;
203721;
203723;
203725;
203727;
203729;
203731;
203733;
203735;
203737;
203739;
203741;
203743;
203745;
203747;
203749;
203751;
203753;
203755;
203757;
203759;
203761;
203763;
203765;
203767;
203769;
203771;
203773;
203775;
203777;
203779;
203781;
203783;
203785;
203787;
203789;
203791;
203793;
203795;
203797;
203799;
203801;
203803;
203805;
203807;
203809;
203811;
203813;
203815;
203817;
203819;
203821;
203823;
203825;
203827;
203829;
203831;
203833;
203835;
203837;
203839;
203841;
203843;
203845;
203847;
203849;
203851;
203853;
203855;
203857;
203859;
203861;
203863;
203865;
203867;
203869;
203871;
203873;
203875;
203877;
203879;
203881;
203883;
203885;
203887;
203889;
203891;
203893;
203895;
203897;
203899;
203901;
203903;
203905;
203907;
203909;
203911;
203913;
203915;
203917;
203919;
203921;
203923;
203925;
203927;
203929;
203931;
203933;
203935;
203937;
203939;
203941;
203943;
203945;
203947;
203949;
203951;
203953;
203955;
203957;
203959;
203961;
203963;
203965;
203967;
203969;
203971;
203973;
203975;
203977;
203979;
203981;
203983;
203985;
203987;
203989;
203991;
203993;
203995;
203997;
203999;
204001;
204003;
204005;
204007;
204009;
204011;
204013;
204015;
204017;
204019;
204021;
204023;
204025;
204027;
204029;
204031;
204033;
204035;
204037;
204039;
204041;
204043;
204045;
204047;
204049;
204051;
204053;
204055;
204057;
204059;
204061;
204063;
204065;
204067;
204069;
204071;
204073;
204075;
204077;
204079;
204081;
204083;
204085;
204087;
204089;
204091;
204093;
204095;
204097;
204099;
204101;
204103;
204105;
204107;
204109;
204111;
204113;
204115;
204117;
204119;
204121;
204123;
204125;
204127;
204129;
204131;
204133;
204135;
204137;
204139;
204141;
204143;
204145;
204147;
204149;
204151;
204153;
204155;
204157;
204159;
204161;
204163;
204165;
204167;
204169;
204171;
204173;
204175;
204177;
204179;
204181;
204183;
204185;
204187;
204189;
204191;
204193;
204195;
204197;
204199;
204201;
204203;
204205;
204207;
204209;
204211;
204213;
204215;
204217;
204219;
204221;
204223;
204225;
204227;
204229;
204231;
204233;
204235;
204237;
204239;
204241;
204243;
204245;
204247;
204249;
204251;
204253;
204255;
204257;
204259;
204261;
204263;
204265;
204267;
204269;
204271;
204273;
204275;
204277;
204279;
204281;
204283;
204285;
204287;
204289;
204291;
204293;
204295;
204297;
204299;
204301;
204303;
204305;
204307;
204309;
204311;
204313;
204315;
204317;
204319;
204321;
204323;
204325;
204327;
204329;
204331;
204333;
204335;
204337;
204339;
204341;
204343;
204345;
204347;
204349;
204351;
204353;
204355;
204357;
204359;
204361;
204363;
204365;
204367;
204369;
204371;
204373;
204375;
204377;
204379;
204381;
204383;
204385;
204387;
204389;
204391;
204393;
204395;
204397;
204399;
204401;
204403;
204405;
204407;
204409;
204411;
204413;
204415;
204417;
204419;
204421;
204423;
204425;
204427;
204429;
204431;
204433;
204435;
204437;
204439;
204441;
204443;
204445;
204447;
204449;
204451;
204453;
204455;
204457;
204459;
204461;
204463;
204465;
204467;
204469;
204471;
204473;
204475;
204477;
204479;
204481;
204483;
204485;
204487;
204489;
204491;
204493;
204495;
204497;
204499;
204501;
204503;
204505;
204507;
204509;
204511;
204513;
204515;
204517;
204519;
204521;
204523;
204525;
204527;
204529;
204531;
204533;
204535;
204537;
204539;
204541;
204543;
204545;
204547;
204549;
204551;
204553;
204555;
204557;
204559;
204561;
204563;
204565;
204567;
204569;
204571;
204573;
204575;
204577;
204579;
204581;
204583;
204585;
204587;
204589;
204591;
204593;
204595;
204597;
204599;
204601;
204603;
204605;
204607;
204609;
204611;
204613;
204615;
204617;
204619;
204621;
204623;
204625;
204627;
204629;
204631;
204633;
204635;
204637;
204639;
204641;
204643;
204645;
204647;
204649;
204651;
204653;
204655;
204657;
204659;
204661;
204663;
204665;
204667;
204669;
204671;
204673;
204675;
204677;
204679;
204681;
204683;
204685;
204687;
204689;
204691;
204693;
204695;
204697;
204699;
204701;
204703;
204705;
204707;
204709;
204711;
204713;
204715;
204717;
204719;
204721;
204723;
204725;
204727;
204729;
204731;
204733;
204735;
204737;
204739;
204741;
204743;
204745;
204747;
204749;
204751;
204753;
204755;
204757;
204759;
204761;
204763;
204765;
204767;
204769;
204771;
204773;
204775;
204777;
204779;
204781;
204783;
204785;
204787;
204789;
204791;
204793;
204795;
204797;
204799;
204801;
204803;
204805;
204807;
204809;
204811;
204813;
204815;
204817;
204819;
204821;
204823;
204825;
204827;
204829;
204831;
204833;
204835;
204837;
204839;
204841;
204843;
204845;
204847;
204849;
204851;
204853;
204855;
204857;
204859;
204861;
204863;
204865;
204867;
204869;
204871;
204873;
204875;
204877;
204879;
204881;
204883;
204885;
204887;
204889;
204891;
204893;
204895;
204897;
204899;
204901;
204903;
204905;
204907;
204909;
204911;
204913;
204915;
204917;
204919;
204921;
204923;
204925;
204927;
204929;
204931;
204933;
204935;
204937;
204939;
204941;
204943;
204945;
204947;
204949;
204951;
204953;
204955;
204957;
204959;
204961;
