ČÍSLO FAKTURY,IČO SPOLEČNOSTI,ČÁSTKA (V CELÝCH KČ)
170000,05159822,788176
170001,33828139,823560
170002,18581928,2167759
170003,33828139,2720148
170005,18581928,1247671
170006,06230932,824938
170007,92019399,767351
170008,92019399,45843
170009,92019399,2182991
170010,33828139,1535182
170011,01846359,91044
170012,06230932,2404655
170013,9831829,2300637
170014,18539217,542138
170015,9831829,2245128
170016,06230932,819033
170017,05159822,31701
170018,06230932,2534576
170019,01846359,1351599
170020,06230932,2446295
170021,01846359,2462151
170022,05159822,294718
170023,92019399,1969412
170024,05159822,1499976
170025,18581928,535239
170026,02838109,490929
170027,06230932,2006078
170028,06230932,232840
170029,18539217,51212
170030,02838109,1904717
170031,05159822,2245273
170032,92019399,1569717
170033,92019399,2303867
170034,06230932,571019
170035,9831829,759879
170036,05159822,254497
170037,67821984,1336208
170038,18539217,2558033
170039,18581928,1890075
170040,01846359,2543358
170041,9831829,347151
170042,92019399,623153
170043,02838109,2323773
170044,18581928,1354521
170045,67821984,615154
170046,33828139,2922223
170047,18539217,1637938
170048,18581928,2953558
170049,06230932,61529
170050,67821984,2215466
170051,06230932,1304157
170052,9831829,1584231
170053,33828139,495538
170054,18539217,387227
170055,05159822,1040485
170056,92019399,2136175
170057,02838109,1991323
170058,18581928,2324200
170059,06230932,2180473
170060,67821984,470120
170061,67821984,214273
170062,18539217,2489033
170063,92019399,2742482
170064,92019399,1465588
170065,92019399,2038086
170066,18539217,473205
170067,05159822,1142611
170068,9831829,2870057
170069,18539217,1638137
170070,05159822,1167853
170071,67821984,1019663
170072,67821984,1217718
170073,33828139,662451
170074,33828139,296412
170075,01846359,2735397
170076,92019399,1240191
170077,33828139,756041
170078,9831829,431988
170079,06230932,346388
170080,9831829,1357031
170081,33828139,2223086
170082,33828139,1200171
170083,18539217,185341
170084,67821984,45286
170085,9831829,2080516
170086,01846359,1517345
170087,33828139,1704155
170088,9831829,2189934
170089,9831829,2167958
170090,9831829,2307860
170091,06230932,2321630
170092,05159822,2900156
170093,05159822,14065
170094,02838109,2559005
170095,9831829,921931
170096,18581928,2718576
170097,9831829,928400
170098,9831829,153163
170099,92019399,2638401
170100,05159822,-2079
170101,18539217,1267257
170102,33828139,20326
170103,01846359,1484528
170104,05159822,336156
170105,06230932,2971435
170106,67821984,1752202
170107,92019399,2385794
170108,18539217,329594
170109,02838109,2620852
170110,18581928,1965388
170111,18581928,51135
170112,92019399,1237262
170113,01846359,2148838
170114,33828139,1460524
170115,18581928,1550844
170116,02838109,2306828
170117,33828139,1824951
170118,9831829,1433092
170119,06230932,1949858
170120,18581928,2467851
170121,33828139,888978
170123,01846359,2707882
170124,18539217,672787
170125,01846359,631027
170126,9831829,1499819
170127,18539217,2512369
170128,05159822,2093938
170129,18539217,2527565
170130,05159822,166103
170131,92019399,1516554
170132,18539217,389290
170133,92019399,2195847
170134,06230932,285129
170135,02838109,1209871
170136,92019399,1361352
170137,92019399,786175
170138,67821984,1875583
170139,06230932,940816
170140,9831829,2734704
170141,18539217,78203
170142,33828139,1913127
170143,18581928,1258491
170144,02838109,2108081
170145,18539217,2883284
170146,33828139,730441
170147,9831829,1236851
170148,18539217,1551290
170149,18539217,959286
170150,18539217,2400159
170151,9831829,338890
170152,02838109,2000382
170153,05159822,432083
170154,18581928,2413570
170155,33828139,384356
170156,06230932,2740670
170157,05159822,2703017
170158,67821984,1617758
170159,06230932,2286476
170160,01846359,167985
170161,33828139,673498
170162,18581928,2956456
170163,9831829,1232478
170164,33828139,2895627
170165,05159822,1842308
170166,06230932,6846
170167,33828139,2541254
170168,06230932,259449
170169,02838109,2193301
170170,02838109,2971184
170171,01846359,1322645
170172,67821984,1047322
170173,18581928,1886240
170174,18581928,1483703
170175,01846359,126949
170176,18581928,2400289
170177,06230932,978831
170178,18581928,2061112
170179,33828139,1746413
170180,01846359,2391288
170181,18581928,1922281
170182,9831829,2313097
170183,67821984,1759514
170184,01846359,1393143
170185,92019399,2081009
170186,18539217,1094737
170187,06230932,1945038
170188,02838109,828160
170189,02838109,1632909
170190,18539217,1831442
170191,06230932,656313
170192,18581928,40394
170193,67821984,2988803
170194,33828139,1525489
170195,92019399,36493
170196,67821984,775106
170197,02838109,1492022
170198,01846359,2355967
170199,06230932,2432136
170200,18539217,331992
170201,67821984,1131764
170202,05159822,1558945
170203,06230932,1181455
170204,92019399,404379
170205,67821984,2232122
170206,33828139,2870190
170207,06230932,2520353
170208,18539217,1000534
170209,01846359,-4582
170210,06230932,1293253
170211,06230932,2660309
170212,67821984,2140007
170213,06230932,868016
170214,01846359,1128079
170215,02838109,671691
170216,05159822,1272068
170217,18539217,-15433
170218,01846359,1617432
170219,18581928,646628
170220,33828139,-11372
170221,67821984,8927
170222,33828139,382892
170223,67821984,494436
170224,67821984,2631989
170225,18539217,2268151
170226,67821984,1803756
170227,05159822,1416029
170228,02838109,772704
170229,05159822,1670069
170230,18539217,2950557
170231,05159822,2396555
170232,33828139,2366426
170233,02838109,781159
170234,9831829,105480
170235,9831829,1428596
170236,18539217,688703
170237,06230932,2431539
170238,33828139,2457857
170239,33828139,2626853
170240,18539217,1353479
170241,18539217,1608307
170242,05159822,1883545
170243,01846359,107248
170244,02838109,609695
170245,9831829,2708580
170246,67821984,891250
170247,67821984,295347
170248,01846359,2480393
170249,05159822,396829
170250,18581928,2058773
170251,9831829,451939
170252,33828139,2713051
170253,9831829,1727879
170254,02838109,2894044
170255,02838109,2537480
170256,06230932,911733
170257,33828139,1333308
170258,67821984,709871
170259,33828139,1404578
170260,18539217,328185
170261,05159822,1936989
170262,92019399,2297006
170263,02838109,2043405
170264,33828139,184122
170265,06230932,2788882
170266,18539217,1736526
170267,02838109,1613061
170268,06230932,403315
170269,01846359,1400246
170270,18581928,1549966
170271,92019399,1536085
170272,9831829,1369754
170273,33828139,2350484
170274,9831829,2635222
170275,67821984,2333478
170276,67821984,2934086
170277,67821984,1319748
170278,01846359,2098064
170279,9831829,43249
170280,05159822,55441
170281,9831829,1288937
170282,02838109,1051332
170283,9831829,1730996
170284,92019399,1968854
170285,18581928,196257
170286,06230932,560604
170287,18581928,1417235
170288,92019399,272809
170289,18581928,482156
170290,9831829,43189
170291,01846359,2336404
170292,33828139,2478761
170293,92019399,570072
170294,02838109,1727437
170295,18539217,814359
170296,01846359,1323467
170297,18581928,775213
170298,18581928,2600252
170299,06230932,550608
170300,05159822,995360
170301,06230932,2077999
170302,67821984,1779852
170303,92019399,-15460
170304,18581928,1062601
170305,18539217,365405
170306,33828139,566808
170307,92019399,2786296
170308,18539217,427613
170309,33828139,935719
170310,01846359,1252963
170311,92019399,2126866
170312,01846359,1619232
170313,01846359,1546621
170314,06230932,2009494
170315,18581928,738863
170316,9831829,1997682
170317,02838109,2885284
170318,18539217,2249250
170319,02838109,2628597
170320,06230932,2097387
170321,92019399,985086
170322,05159822,1936298
170323,92019399,956189
170324,18581928,3625
170325,06230932,1087739
170326,33828139,1616716
170327,18581928,2967501
170328,02838109,761192
170329,02838109,217871
170330,92019399,501381
170331,33828139,1087817
170332,05159822,1733104
170333,9831829,2810525
170334,06230932,2805754
170335,92019399,2850529
170336,18539217,1421996
170337,92019399,863040
170338,92019399,2572559
170339,05159822,538745
170340,18539217,429991
170341,02838109,2765550
170342,18539217,1728590
170343,18539217,1356972
170344,33828139,1112562
170345,92019399,2006661
170346,05159822,1341421
170347,06230932,301717
170348,06230932,2138532
170349,05159822,20545
170350,9831829,2726857
170351,67821984,1397215
170352,92019399,658166
170353,18539217,2659658
170354,33828139,705527
170355,92019399,1766150
170356,05159822,1207107
170357,02838109,1180041
170358,05159822,498023
170359,05159822,913918
170360,67821984,1852651
170361,02838109,35298
170362,01846359,599379
170363,33828139,1863016
170364,05159822,2247889
170365,01846359,1603082
170366,06230932,1163474
170367,92019399,1632671
170368,06230932,1206240
170369,67821984,1993713
170370,01846359,2950876
170371,18539217,982941
170372,01846359,2542791
170373,18539217,2838946
170374,33828139,2608110
170375,67821984,2410667
170376,18581928,35399
170377,9831829,121457
170378,9831829,19098
170379,9831829,2089325
170380,18539217,2502977
170381,92019399,2367571
170382,33828139,2722766
170383,06230932,1329293
170384,18581928,243596
170385,05159822,1605526
170386,02838109,1169652
170387,06230932,357664
170388,02838109,1078809
170389,06230932,1369319
170390,9831829,2334258
170391,06230932,401402
170392,33828139,2379251
170393,33828139,580030
170394,06230932,2353026
170395,9831829,2289159
170396,33828139,729014
170397,05159822,58774
170398,02838109,842896
170399,06230932,15319
170400,06230932,981868
170401,01846359,2985812
170402,02838109,2534304
170403,67821984,-13773
170404,33828139,907700
170405,01846359,2733104
170406,67821984,2018663
170407,06230932,2627895
170408,02838109,1190028
170409,06230932,2380519
170410,67821984,2394887
170411,01846359,714663
170412,05159822,923430
170413,92019399,1683608
170414,33828139,1604052
170415,18539217,1571621
170416,01846359,1040441
170417,06230932,861603
170418,18581928,2693313
170419,01846359,2121840
170420,02838109,7338
170421,06230932,2607317
170422,33828139,1895519
170423,18539217,320321
170424,02838109,1629735
170425,18539217,717188
170426,33828139,2185408
170427,18581928,2984288
170428,01846359,1605175
170429,92019399,29145
170430,9831829,687269
170431,01846359,2340748
170432,33828139,1526322
170433,92019399,35127
170434,06230932,280362
170435,18539217,2143620
170436,92019399,1205040
170437,06230932,163478
170438,9831829,114061
170439,92019399,9412
170440,33828139,1645009
170441,92019399,225267
170442,02838109,453797
170443,9831829,403502
170444,01846359,2209015
170445,06230932,1000278
170446,05159822,853939
170447,18539217,224650
170448,9831829,2770608
170449,92019399,2037297
170450,01846359,813034
170451,02838109,2501571
170452,05159822,2005645
170453,06230932,1600056
170454,92019399,2137973
170455,92019399,612433
170456,06230932,2566909
170457,67821984,1745335
170458,05159822,2294699
170459,92019399,2063966
170460,67821984,2280944
170461,92019399,2184234
170462,33828139,1246890
170463,9831829,291251
170464,05159822,2964110
170465,67821984,702179
170466,01846359,926405
170467,06230932,2942807
170468,18581928,2085258
170469,67821984,154753
170470,06230932,387059
170471,18581928,1696104
170472,92019399,1825828
170473,9831829,696400
170474,33828139,1872083
170475,18539217,2731070
170476,9831829,1575996
170477,92019399,191918
170478,05159822,2154069
170479,05159822,657433
170480,06230932,2025019
170481,18539217,1339348
170482,18539217,2827172
170483,18581928,2063120
170484,67821984,801796
170485,06230932,1328412
170486,05159822,829987
170487,18539217,1698375
170488,67821984,245601
170489,18539217,2227030
170490,9831829,2216408
170491,67821984,384814
170492,18539217,2327242
170493,92019399,2226251
170494,9831829,551052
170495,01846359,562478
170496,05159822,518925
170497,9831829,2877158
170498,67821984,1475521
170499,06230932,1037529
170500,18581928,2498845
170501,9831829,355647
170502,01846359,1658620
170503,18539217,1365793
170504,02838109,349153
170505,18539217,2577147
170506,18581928,832087
170507,06230932,1700132
170508,05159822,1505388
170509,33828139,1208508
170510,33828139,304496
170511,67821984,2510169
170512,06230932,1243369
170513,02838109,1326176
170514,02838109,367521
170515,01846359,1659236
170516,9831829,2589543
170517,18581928,2046269
170518,02838109,864582
170519,18581928,1143075
170520,06230932,2920643
170521,06230932,1349177
170522,05159822,172498
170523,06230932,2004071
170524,9831829,1198763
170525,05159822,539744
170526,18539217,694615
170527,02838109,707338
170528,02838109,1660820
170529,18539217,1590905
170530,67821984,2243044
170531,92019399,1980719
170532,33828139,632680
170533,06230932,2027796
170534,06230932,2779811
170535,18581928,1009833
170536,18539217,159859
170537,18581928,1185355
170538,05159822,1077313
170539,92019399,2344777
170540,18581928,2985557
170541,18539217,1083889
170542,06230932,2032986
170543,01846359,1373064
170544,06230932,1266720
170545,02838109,1311495
170546,18581928,2131124
170547,92019399,1949081
170548,18539217,37894
170549,05159822,839164
170550,92019399,939597
170551,05159822,48335
170552,18539217,1721606
170553,06230932,1179054
170554,67821984,493311
170555,33828139,2501298
170556,92019399,2711429
170557,02838109,2179147
170558,06230932,723853
170559,9831829,924414
170560,92019399,283228
170561,67821984,2403676
170562,02838109,2392637
170563,33828139,2873907
170564,92019399,2550649
170565,9831829,234033
170566,9831829,518170
170567,9831829,2021298
170568,18539217,1886821
170569,06230932,990714
170570,02838109,2384558
170571,18539217,1679476
170572,01846359,163272
170573,92019399,2279323
170574,18539217,927537
170575,05159822,1681550
170576,18539217,2390107
170577,9831829,897267
170578,9831829,2834176
170579,06230932,80010
170580,18539217,-12986
170581,18539217,1347321
170582,05159822,1808833
170583,05159822,166846
170584,33828139,1442081
170585,02838109,2930063
170586,18539217,229207
170587,01846359,2100333
170588,06230932,208047
170589,33828139,708535
170590,05159822,1902642
170591,05159822,2630893
170592,01846359,1691463
170593,18581928,1108983
170594,06230932,1548820
170595,18539217,2638255
170596,18539217,298052
170597,05159822,2881072
170598,18581928,8596
170599,92019399,916726
170600,33828139,1771787
170601,06230932,824739
170602,67821984,2364182
170603,18539217,1511167
170604,02838109,1607072
170605,01846359,1494860
170606,06230932,1002003
170607,06230932,667173
170608,05159822,382336
170609,18581928,1589914
170610,33828139,2221815
170611,18539217,2486585
170612,05159822,952173
170613,67821984,1073043
170614,05159822,1223116
170615,06230932,2391595
170616,06230932,215702
170617,18539217,1576155
170618,67821984,869989
170619,92019399,2032907
170620,18581928,2866402
170621,01846359,58136
170622,9831829,281040
170623,05159822,1352257
170624,92019399,1888338
170625,67821984,692828
170626,33828139,2578089
170627,18539217,285989
170628,05159822,1112255
170629,18581928,335027
170630,33828139,1126016
170631,67821984,825572
170632,18581928,2492879
170633,18539217,101983
170634,01846359,1641286
170635,18581928,2283756
170636,18581928,2717894
170637,67821984,741095
170638,9831829,1285064
170639,05159822,1348792
170640,18539217,1403993
170641,02838109,1125153
170642,02838109,2297868
170643,06230932,60759
170644,05159822,870473
170645,33828139,2367194
170646,06230932,610651
170647,67821984,1850751
170648,33828139,2428838
170649,05159822,1055694
170650,33828139,2494904
170651,18581928,1177775
170652,18581928,1610942
170653,06230932,2084880
170654,18581928,635401
170655,9831829,2206075
170656,06230932,554352
170657,67821984,943933
170658,02838109,898938
170659,18539217,2011387
170660,67821984,920465
170661,01846359,2596844
170662,01846359,1628477
170663,18539217,2502730
170664,02838109,2613565
170665,33828139,1256374
170666,02838109,1865197
170667,02838109,664798
170668,9831829,2430444
170669,05159822,1617123
170670,18581928,592903
170671,05159822,1314797
170672,18539217,1439354
170673,02838109,2820852
170674,01846359,1789445
170675,05159822,1044345
170676,18539217,2296428
170677,33828139,2506281
170678,05159822,2402930
170679,18581928,1144171
170680,18539217,2990635
170681,18581928,2340010
170682,33828139,466007
170683,01846359,409929
170684,18581928,2261536
170685,05159822,309180
170686,9831829,1435506
170687,9831829,1984246
170688,9831829,365734
170689,02838109,1602037
170690,18581928,393383
170691,67821984,131267
170692,01846359,701056
170693,67821984,2212883
170694,67821984,2488909
170695,18539217,344278
170696,02838109,135003
170697,18539217,2860559
170698,06230932,2710120
170699,18539217,176647
170700,06230932,1700215
170701,33828139,2562593
170702,01846359,720380
170703,92019399,2824256
170704,18539217,2564727
170705,92019399,2138091
170706,18581928,2137710
170707,18539217,74507
170708,06230932,1356283
170709,02838109,1197209
170710,18539217,27665
170711,9831829,2334303
170712,33828139,2857577
170713,06230932,2416290
170714,9831829,2711139
170715,05159822,2491656
170716,18581928,711935
170717,92019399,91075
170718,05159822,1808072
170719,02838109,397622
170720,18539217,1508274
170721,02838109,2013033
170722,01846359,2762536
170723,9831829,2328693
170724,01846359,1294099
170725,06230932,1500501
170726,06230932,1264808
170727,01846359,765862
170728,18539217,950929
170729,18581928,75535
170730,9831829,1373236
170731,18539217,1720663
170732,01846359,989055
170733,02838109,581735
170734,18581928,1689604
170735,02838109,1543943
170736,18539217,1726678
170737,01846359,1513048
170738,05159822,1178154
170739,67821984,1841621
170740,18581928,194468
170741,92019399,1657980
170742,18581928,737392
170743,33828139,2294403
170744,18581928,2818215
170745,18539217,668628
170746,06230932,1362183
170747,05159822,1435255
170748,01846359,123793
170749,02838109,1901794
170750,92019399,601644
170751,18539217,2600755
170752,92019399,441052
170753,92019399,135183
170754,92019399,2858539
170755,18581928,1671672
170756,33828139,615559
170757,05159822,1226801
170758,06230932,358006
170759,67821984,1827233
170760,67821984,641359
170761,67821984,2016618
170762,05159822,1134372
170763,06230932,1315133
170764,9831829,2636261
170765,05159822,1583029
170766,06230932,1667579
170767,02838109,1301017
170768,06230932,649510
170769,9831829,2049505
170770,02838109,224978
170771,92019399,1809368
170772,05159822,2756135
170773,05159822,28993
170774,33828139,924414
170775,01846359,2885180
170776,02838109,1166581
170777,02838109,860884
170778,18539217,1396226
170779,9831829,1444475
170780,92019399,605832
170781,02838109,1250361
170782,33828139,2619593
170783,67821984,2338577
170784,02838109,743217
170785,01846359,658838
170786,92019399,2525118
170787,18539217,2629373
170788,05159822,2201385
170789,05159822,2990162
170790,18581928,629935
170791,06230932,1292346
170792,67821984,1531483
170793,05159822,2284984
170794,06230932,475487
170795,33828139,504312
170796,92019399,2396527
170797,33828139,2497514
170798,9831829,1948291
170799,92019399,400893
170800,92019399,2150858
170801,67821984,405001
170802,18581928,273595
170803,33828139,2205851
170804,02838109,2108176
170805,05159822,2545877
170806,9831829,520654
170807,33828139,108985
170808,05159822,1409512
170809,05159822,2074182
170810,06230932,435365
170811,06230932,1627092
170812,01846359,918045
170813,02838109,2349727
170814,18539217,906959
170815,33828139,1616850
170816,01846359,1982953
170817,33828139,260639
170818,67821984,1247574
170819,02838109,1826946
170820,06230932,2292497
170821,67821984,2690473
170822,92019399,15256
170823,67821984,360035
170824,05159822,1410730
170825,9831829,1744971
170826,92019399,1117095
170827,01846359,2660227
170828,01846359,2437884
170829,18539217,2298807
170830,06230932,100642
170831,18581928,897067
170832,05159822,443886
170833,06230932,2130186
170834,92019399,1879462
170835,01846359,419802
170836,02838109,2045659
170837,18539217,2749832
170838,92019399,250299
170839,9831829,985408
170840,02838109,1790182
170841,01846359,588672
170842,9831829,1701857
170843,02838109,1080691
170844,01846359,541200
170845,18581928,1991639
170846,05159822,2295693
170847,05159822,1021839
170848,9831829,2199023
170849,18539217,40022
170850,18581928,1502131
170851,02838109,695178
170852,33828139,80142
170853,05159822,1167053
170854,02838109,575571
170855,67821984,521446
170856,92019399,1704609
170857,01846359,1292623
170858,05159822,654701
170859,18539217,1998338
170860,18581928,1955693
170861,92019399,220136
170862,06230932,149967
170863,01846359,1657230
170864,67821984,269160
170865,02838109,2999425
170866,9831829,494395
170867,18539217,246332
170868,02838109,1807811
170869,01846359,2056823
170870,67821984,131981
170871,9831829,439739
170872,06230932,2571883
170873,33828139,1889899
170874,92019399,2322947
170875,92019399,1163466
170876,9831829,74655
170877,9831829,2997494
170878,18581928,1354483
170879,9831829,772612
170880,06230932,686143
170881,05159822,1920785
170882,18539217,2377276
170883,67821984,-3675
170884,18539217,2201349
170885,01846359,575883
170886,05159822,2834485
170887,18581928,2553101
170888,05159822,1875236
170889,9831829,1491984
170890,06230932,2350029
170891,92019399,2560642
170892,18539217,2142109
170893,06230932,1601427
170894,01846359,1257935
170895,67821984,-16355
170896,02838109,2222023
170897,02838109,1804868
170898,02838109,1776253
170899,18539217,1559275
170900,01846359,722530
170901,33828139,2016641
170902,06230932,1617743
170903,06230932,1817223
170904,18539217,1167573
170905,18581928,2909796
170906,18581928,2420383
170907,92019399,2875658
170908,02838109,2147641
170909,92019399,1101811
170910,18539217,1577709
170911,9831829,2088329
170912,18581928,2242414
170913,67821984,578689
170914,92019399,1484871
170915,05159822,2354529
170916,05159822,290749
170917,01846359,2248417
170918,18581928,1006507
170919,92019399,2220760
170920,67821984,183391
170921,33828139,1326069
170922,9831829,1599330
170923,18581928,2442727
170924,05159822,1539514
170925,9831829,2427626
170926,05159822,1327360
170927,67821984,1365033
170928,92019399,1748130
170929,18539217,2256008
170930,02838109,1579741
170931,18539217,462811
170932,02838109,2914065
170933,33828139,757956
170934,05159822,562916
170935,18581928,93877
170936,01846359,1272659
170937,18539217,1367425
170938,33828139,485533
170939,06230932,1068842
170940,01846359,925313
170941,02838109,2670596
170942,67821984,831051
170943,33828139,345961
170944,06230932,1020705
170945,18581928,1219671
170946,33828139,2070670
170947,02838109,468132
170948,06230932,1707210
170949,33828139,2249228
170950,33828139,2874508
170951,9831829,2557733
170952,01846359,301564
170953,9831829,128564
170954,33828139,1112805
170955,92019399,87767
170956,18581928,1245763
170957,33828139,1536653
170958,92019399,863036
170959,92019399,1054170
170960,67821984,735749
170961,02838109,94069
170962,67821984,753726
170963,01846359,126776
170964,9831829,1515942
170965,92019399,1809953
170966,9831829,1014090
170967,9831829,2953289
170968,33828139,2817033
170969,33828139,400277
170970,01846359,1158467
170971,01846359,1456139
170972,92019399,782307
170973,02838109,615137
170974,06230932,1765188
170975,9831829,1968357
170976,06230932,2754605
170977,18581928,395279
170978,9831829,68836
170979,06230932,799067
170980,33828139,2316412
170981,18581928,1305985
170982,9831829,1552108
170983,02838109,895369
170984,18581928,966268
170985,18539217,186081
170986,01846359,1229310
170987,06230932,2641420
170988,9831829,1092923
170989,33828139,321224
170990,05159822,528382
170991,33828139,577378
170992,05159822,2948867
170993,33828139,2024043
170994,02838109,1534335
170995,06230932,2261498
170996,18581928,982821
170997,92019399,522043
170998,02838109,2110061
170999,9831829,2036322
171000,06230932,2157637
171001,9831829,2628949
171002,33828139,1565707
171003,01846359,1455157
171004,01846359,462530
171005,33828139,6350
171006,01846359,544348
171007,18539217,2838580
171008,33828139,2710863
171009,02838109,994160
171010,02838109,2877366
171011,02838109,2868847
171012,18581928,794925
171013,02838109,2514320
171014,01846359,344739
171015,05159822,2240478
171016,18539217,2772953
171017,18581928,2709358
171018,18581928,1459298
171019,33828139,819578
171020,06230932,1071695
171021,18581928,204793
171022,18539217,570230
171023,67821984,1913150
171024,02838109,2720068
171025,33828139,283938
171026,92019399,2453022
171027,05159822,450281
171028,92019399,1390084
171029,02838109,923504
171030,9831829,2186869
171031,67821984,1532228
171032,33828139,1614887
171033,92019399,2893558
171034,02838109,987262
171035,06230932,633118
171036,18581928,1637937
171037,01846359,1421024
171038,18581928,2089933
171039,05159822,814806
171040,92019399,1068644
171041,33828139,1972413
171042,01846359,1649814
171043,05159822,2910779
171044,18581928,1614758
171045,01846359,2274708
171046,18581928,2362811
171047,02838109,2734732
171048,18581928,1547626
171049,06230932,559194
171050,9831829,1918486
171051,9831829,1767459
171052,06230932,2095942
171053,02838109,2504318
171054,92019399,-15913
171055,18581928,2137218
171056,33828139,2385174
171057,18581928,2400518
171058,18581928,1078578
171059,02838109,1800423
171060,02838109,1233027
171061,06230932,198991
171062,05159822,2750298
171063,18539217,2598911
171064,18581928,1845157
171065,05159822,2673865
171066,05159822,674904
171067,05159822,1170324
171068,01846359,574380
171069,06230932,504365
171070,33828139,2079706
171071,18581928,1192923
171072,9831829,1424234
171073,05159822,2137030
171074,05159822,1103515
171075,33828139,687345
171076,92019399,2984864
171077,06230932,150755
171078,02838109,1321502
171079,18581928,360505
171080,67821984,2522940
171081,05159822,296170
171082,01846359,2018149
171083,01846359,1086682
171084,02838109,849144
171085,01846359,2316608
171086,67821984,2873731
171087,33828139,2839415
171088,18581928,62504
171089,18539217,1766730
171090,9831829,1281255
171091,06230932,1631091
171092,67821984,594215
171093,67821984,785146
171094,33828139,2734766
171095,18581928,1961419
171096,05159822,335327
171097,18581928,1760888
171098,9831829,2347326
171099,06230932,1466874
171100,18581928,2762297
171101,01846359,1356324
171102,06230932,1045518
171103,92019399,1819276
171104,02838109,2450074
171105,02838109,54126
171106,02838109,2548608
171107,06230932,946802
171108,06230932,561041
171109,01846359,1669066
171110,33828139,606422
171111,92019399,2246638
171112,18539217,2986798
171113,18581928,2916347
171114,01846359,2021481
171115,9831829,697306
171116,02838109,898459
171117,9831829,870862
171118,05159822,303205
171119,05159822,2040563
171120,05159822,1098024
171121,06230932,2077494
171122,9831829,470912
171123,18581928,2273425
171124,05159822,2857439
171125,05159822,1082402
171126,18581928,1834643
171127,06230932,1011958
171128,02838109,2745621
171129,9831829,839911
171130,67821984,335574
171131,06230932,2504853
171132,02838109,1141140
171133,18539217,2924141
171134,02838109,752742
171135,05159822,2817329
171136,9831829,1430595
171137,33828139,794191
171138,33828139,1520403
171139,92019399,1223132
171140,9831829,812031
171141,01846359,726521
171142,06230932,2645588
171143,9831829,670438
171144,33828139,2094163
171145,33828139,1843937
171146,02838109,1324874
171147,92019399,2870316
171148,18581928,145328
171149,05159822,516198
171150,92019399,2990448
171151,9831829,2502734
171152,02838109,27253
171153,01846359,2068193
171154,06230932,583394
171155,67821984,2281852
171156,05159822,2774044
171157,18539217,1262250
171158,05159822,2284324
171159,02838109,80671
171160,01846359,1732874
171161,01846359,1295743
171162,05159822,1086962
171163,67821984,2469418
171164,01846359,2221800
171165,18581928,2674341
171166,33828139,1244891
171167,18581928,314899
171168,33828139,98060
171169,18581928,677980
171170,02838109,327305
171171,05159822,2218773
171172,67821984,1057496
171173,02838109,2097167
171174,92019399,2052754
171175,18539217,1163466
171176,18581928,840497
171177,67821984,575355
171178,01846359,2086882
171179,02838109,2155014
171180,9831829,650328
171181,06230932,2810403
171182,06230932,1365661
171183,18581928,2675245
171184,01846359,1496118
171185,01846359,2526523
171186,05159822,2570573
171187,67821984,1414182
171188,33828139,2771735
171189,18539217,858388
171190,02838109,474034
171191,33828139,2239249
171192,92019399,-1081
171193,02838109,444402
171194,9831829,2337898
171195,9831829,2818861
171196,06230932,896518
171197,06230932,1495904
171198,67821984,324259
171199,18581928,2760391
171200,01846359,1954340
171201,01846359,2373310
171202,67821984,1939240
171203,01846359,1209082
171204,01846359,471931
171205,06230932,2849792
171206,33828139,2749244
171207,05159822,2845149
171208,67821984,2486849
171209,06230932,1741862
171210,18581928,2469261
171211,02838109,2894826
171212,9831829,852009
171213,9831829,1581278
171214,01846359,1135107
171215,67821984,2485510
171216,9831829,1697155
171217,01846359,1759779
171218,01846359,2034268
171219,18539217,284321
171220,18539217,2253475
171221,02838109,1438266
171222,33828139,2356863
171223,18539217,2208272
171224,06230932,1040183
171225,92019399,3648
171226,33828139,2238555
171227,9831829,2997003
171228,92019399,2198557
171229,67821984,1154385
171230,01846359,1835293
171231,9831829,2190779
171232,02838109,1868946
171233,9831829,1024168
171234,18581928,1489806
171235,33828139,97332
171236,01846359,312881
171237,9831829,397089
171238,92019399,308627
171239,02838109,634969
171240,67821984,2579548
171241,06230932,2283100
171242,06230932,2119642
171243,01846359,124651
171244,05159822,1932740
171245,18581928,1129691
171246,67821984,2890540
171247,05159822,1449962
171248,67821984,2799328
171249,18539217,1668987
171250,18581928,-15018
171251,92019399,1974455
171252,92019399,1439092
171253,06230932,2635428
171254,06230932,1789738
171255,01846359,2279501
171256,67821984,899497
171257,9831829,1594885
171258,9831829,2785792
171259,92019399,904108
171260,18539217,644429
171261,92019399,1317389
171262,9831829,285949
171263,05159822,767370
171264,01846359,1401756
171265,18539217,2013972
171266,33828139,777733
171267,67821984,296151
171268,9831829,1403694
171269,18581928,2332147
171270,18581928,372615
171271,33828139,321337
171272,06230932,1284323
171273,67821984,2562051
171274,18581928,554468
171275,18581928,1578725
171276,67821984,718478
171277,02838109,1633876
171278,67821984,1990913
171279,33828139,559441
171280,18539217,1885032
171281,06230932,1602991
171282,02838109,2983721
171283,33828139,1524121
171284,18539217,66056
171285,18581928,2837352
171286,06230932,2961247
171287,67821984,556686
171288,92019399,1646190
171289,06230932,2147516
171290,01846359,1310758
171291,33828139,1665797
171292,06230932,595500
171293,18581928,2321483
171294,67821984,624545
171295,02838109,2790142
171296,05159822,1881643
171297,9831829,2637022
171298,01846359,774538
171299,18581928,2854579
171300,67821984,136186
171301,33828139,2059404
171302,9831829,1677586
171303,67821984,1998302
171304,06230932,2183766
171305,06230932,1541872
171306,92019399,98274
171307,33828139,2092438
171308,18539217,2250996
171309,18539217,2671304
171310,05159822,1389622
171311,18581928,761477
171312,02838109,617736
171313,67821984,1379098
171314,9831829,2347269
171315,18581928,1617568
171316,9831829,1762479
171317,18581928,2008290
171318,02838109,625887
171319,01846359,1155194
171320,18539217,579225
171321,18581928,1983481
171322,18539217,2237927
171323,92019399,26232
171324,02838109,380781
171325,67821984,1445811
171326,18539217,42717
171327,01846359,2065344
171328,02838109,2767722
171329,67821984,2315356
171330,92019399,1134382
171331,18581928,1950085
171332,18539217,231798
171333,92019399,1476581
171334,02838109,2080727
171335,33828139,2412132
171336,18581928,582667
171337,05159822,2483311
171338,33828139,846344
171339,01846359,1868856
171340,33828139,739690
171341,02838109,416487
171342,18581928,2521874
171343,33828139,1883517
171344,01846359,2164337
171345,18539217,1878539
171346,02838109,547877
171347,05159822,61417
171348,06230932,1311488
171349,92019399,2523965
171350,67821984,1929812
171351,05159822,1626744
171352,18539217,1340876
171353,06230932,1984334
171354,33828139,2850882
171355,02838109,1071888
171356,18539217,2333928
171357,02838109,2797927
171358,92019399,2192107
171359,33828139,2570462
171360,92019399,2313276
171361,02838109,2272887
171362,01846359,2834704
171363,18539217,840825
171364,18539217,1855399
171365,33828139,2819964
171366,02838109,900168
171367,33828139,1386221
171368,33828139,1061023
171369,05159822,537042
171370,06230932,84091
171371,92019399,1886890
171372,67821984,347507
171373,18581928,861150
171374,06230932,1412588
171375,33828139,2986364
171376,18539217,1436052
171377,33828139,781157
171378,01846359,2421701
171379,67821984,1814894
171380,05159822,1993977
171381,67821984,2407927
171382,05159822,2443340
171383,01846359,975639
171384,01846359,1982998
171385,67821984,220591
171386,9831829,907023
171387,05159822,234122
171388,05159822,1442785
171389,05159822,2227519
171390,05159822,1410793
171391,92019399,391894
171392,18581928,681292
171393,67821984,1306353
171394,33828139,2483042
171395,18539217,224757
171396,18581928,2518601
171397,18539217,1114860
171398,9831829,1460584
171399,9831829,1823969
171400,02838109,1290506
171401,67821984,1047086
171402,92019399,2229360
171403,33828139,2911250
171404,92019399,2696175
171405,01846359,2592335
171406,67821984,1516672
171407,18581928,1722169
171408,06230932,1313360
171409,02838109,1217366
171410,18539217,740499
171411,33828139,2130142
171412,33828139,40449
171413,67821984,1599682
171414,01846359,2994713
171415,18539217,1072741
171416,01846359,1715385
171417,92019399,1428279
171418,92019399,170463
171419,33828139,2199581
171420,06230932,1538043
171421,92019399,2161536
171422,92019399,1903144
171423,05159822,2200188
171424,18581928,1823136
171425,18539217,307079
171426,18539217,909514
171427,33828139,1556963
171428,9831829,2144288
171429,18539217,168794
171430,9831829,2000775
171431,67821984,2230904
171432,92019399,2851428
171433,67821984,443569
171434,05159822,1657529
171435,92019399,509073
171436,33828139,2195615
171437,06230932,53954
171438,18539217,2379986
171439,01846359,321392
171440,01846359,545570
171441,02838109,583360
171442,01846359,2289824
171443,9831829,1419773
171444,33828139,764056
171445,01846359,1277832
171446,33828139,2744385
171447,01846359,2956244
171448,33828139,-18827
171449,9831829,1157669
171450,18539217,1266080
171451,06230932,2534525
171452,01846359,1543391
171453,18581928,1525155
171454,01846359,1907751
171455,33828139,93340
171456,01846359,378461
171457,9831829,2784186
171458,01846359,748994
171459,06230932,480713
171460,01846359,121524
171461,05159822,426242
171462,33828139,237934
171463,02838109,2436284
171464,18539217,2808474
171465,18539217,2383235
171466,18581928,1671047
171467,01846359,1850539
171468,92019399,1821301
171469,06230932,1090545
171470,9831829,2959479
171471,05159822,2734657
171472,92019399,2378750
171473,9831829,55261
171474,05159822,603429
171475,92019399,740746
171476,02838109,674783
171477,9831829,623791
171478,18539217,2439723
171479,67821984,901126
171480,18539217,2779992
171481,67821984,592122
171482,33828139,1014379
171483,9831829,1127557
171484,01846359,1189549
171485,05159822,1314075
171486,92019399,736734
171487,06230932,1682208
171488,67821984,719292
171489,06230932,2009241
171490,01846359,2548151
171491,9831829,2905870
171492,33828139,193713
171493,02838109,407460
171494,33828139,470889
171495,06230932,88982
171496,18539217,363178
171497,92019399,672842
171498,18539217,900082
171499,18581928,2281136
171500,01846359,2832717
171501,9831829,1080598
171502,67821984,724647
171503,33828139,2013435
171504,05159822,1004800
171505,18539217,219892
171506,05159822,2168825
171507,92019399,2160078
171508,33828139,414363
171509,18539217,2004865
171510,06230932,191250
171511,9831829,133396
171512,33828139,1572677
171513,33828139,1991454
171514,67821984,1597113
171515,9831829,2600536
171516,9831829,2204761
171517,9831829,1989677
171518,33828139,1717782
171519,18539217,1689611
171520,92019399,420405
171521,18581928,822775
171522,05159822,2074896
171523,9831829,982145
171524,01846359,1739945
171525,33828139,1393987
171526,67821984,1363289
171527,67821984,1486282
171528,9831829,1414172
171529,06230932,2041846
171530,33828139,1779750
171531,18581928,2145546
171532,33828139,2845334
171533,18581928,693148
171534,18581928,368215
171535,33828139,1933568
171536,33828139,1332680
171537,92019399,1094962
171538,67821984,836925
171539,02838109,2821157
171540,67821984,1093012
171541,9831829,1105612
171542,18581928,2537040
171543,67821984,1932527
171544,02838109,704616
171545,02838109,1714812
171546,01846359,503988
171547,18539217,540395
171548,92019399,1378418
171549,02838109,2053453
171550,92019399,2195534
171551,02838109,2886864
171552,92019399,1200297
171553,06230932,319229
171554,9831829,1546720
171555,05159822,2659475
171556,92019399,2283464
171557,33828139,2562553
171558,01846359,1995639
171559,18581928,2923742
171560,05159822,1724279
171561,18539217,711128
171562,06230932,1034679
171563,67821984,2186496
171564,01846359,106385
171565,06230932,2239189
171566,02838109,702599
171567,06230932,2909132
171568,18581928,2054353
171569,06230932,628812
171570,92019399,563097
171571,02838109,1108280
171572,05159822,13292
171573,92019399,2130572
171574,92019399,297291
171575,18539217,2253063
171576,33828139,1477110
171577,67821984,300058
171578,67821984,66284
171579,33828139,2597857
171580,02838109,2047821
171581,01846359,340815
171582,05159822,2450205
171583,92019399,37995
171584,92019399,2536281
171585,06230932,355823
171586,05159822,2903925
171587,18539217,721082
171588,92019399,1035722
171589,33828139,80906
171590,18539217,2054072
171591,18581928,2193493
171592,18539217,108101
171593,06230932,947193
171594,05159822,1838285
171595,06230932,1656576
171596,01846359,1139921
171597,33828139,2258879
171598,05159822,1398578
171599,02838109,1998825
171600,92019399,2354127
171601,18539217,1332399
171602,18581928,1302298
171603,05159822,1378152
171604,18539217,2226717
171605,06230932,303646
171606,33828139,2673042
171607,33828139,668284
171608,33828139,1035790
171609,92019399,256575
171610,05159822,2118693
171611,67821984,479116
171612,18539217,2489592
171613,02838109,2830895
171614,02838109,1696990
171615,92019399,286225
171616,05159822,2280724
171617,06230932,1841666
171618,67821984,515424
171619,18539217,2845340
171620,01846359,1774295
171621,9831829,133320
171622,92019399,2874511
171623,01846359,2859583
171624,92019399,2828517
171625,01846359,1858085
171626,9831829,908716
171627,06230932,235049
171628,02838109,2864842
171629,67821984,2510261
171630,02838109,1120033
171631,92019399,628892
171632,18539217,2265758
171633,05159822,1209833
171634,67821984,852995
171635,18539217,311247
171636,02838109,887026
171637,9831829,1050554
171638,02838109,1127626
171639,9831829,2727625
171640,18539217,1432508
171641,67821984,406359
171642,18539217,2732752
171643,33828139,816239
171644,06230932,2682750
171645,05159822,1482562
171646,05159822,390231
171647,01846359,1111219
171648,92019399,2916147
171649,9831829,1143166
171650,06230932,1535747
171651,33828139,2597559
171652,92019399,1785708
171653,67821984,1106019
171654,67821984,1749450
171655,18581928,1078414
171656,06230932,192842
171657,18539217,1958392
171658,67821984,2806107
171659,18581928,605823
171660,92019399,908317
171661,05159822,965945
171662,67821984,1007551
171663,9831829,2263357
171664,67821984,283346
171665,05159822,1577082
171666,9831829,2171805
171667,9831829,2372798
171668,33828139,1791336
171669,92019399,2679882
171670,01846359,2420587
171671,02838109,1403454
171672,67821984,2926618
171673,67821984,941775
171674,05159822,2499770
171675,67821984,1551330
171676,18539217,189688
171677,18539217,1675562
171678,33828139,437718
171679,06230932,1791652
171680,02838109,993555
171681,05159822,636441
171682,06230932,417148
171683,02838109,2169814
171684,02838109,1447729
171685,33828139,2436420
171686,18539217,2571247
171687,92019399,2064239
171688,92019399,2113801
171689,18581928,2690836
171690,9831829,2615917
171691,05159822,2238415
171692,67821984,196839
171693,18539217,330656
171694,18581928,784140
171695,05159822,1336988
171696,06230932,383977
171697,92019399,-13803
171698,67821984,2268477
171699,18581928,730662
171700,9831829,1676328
171701,67821984,2701392
171702,92019399,2617606
171703,18539217,1569033
171704,02838109,1570841
171705,92019399,422311
171706,02838109,165086
171707,33828139,2686420
171708,06230932,2215904
171709,92019399,2924484
171710,06230932,817269
171711,06230932,2927238
171712,18539217,2860907
171713,06230932,97029
171714,18581928,2698841
171715,01846359,2076042
171716,33828139,2063347
171717,9831829,1359602
171718,92019399,121162
171719,33828139,1013170
171720,05159822,1534538
171721,01846359,569149
171722,67821984,575128
171723,18581928,2276232
171724,18581928,2339250
171725,18581928,1095591
171726,18581928,1251362
171727,18539217,2086465
171728,33828139,516297
171729,02838109,1578500
171730,18539217,2276926
171731,06230932,244597
171732,05159822,1505232
171733,9831829,612527
171734,18581928,2964475
171735,02838109,1944702
171736,06230932,798588
171737,18539217,859399
171738,01846359,111768
171739,06230932,1530905
171740,18539217,2921345
171741,67821984,762842
171742,92019399,1608651
171743,02838109,2612482
171744,18539217,2017334
171745,05159822,1445053
171746,06230932,2493571
171747,01846359,2046290
171748,01846359,1409103
171749,33828139,1027730
171750,18581928,1397368
171751,92019399,1004121
171752,01846359,102364
171753,05159822,2824346
171754,9831829,2459709
171755,02838109,1876140
171756,92019399,2357231
171757,9831829,985347
171758,06230932,1869527
171759,33828139,1531312
171760,05159822,1085460
171761,67821984,103069
171762,02838109,2145049
171763,02838109,2552492
171764,67821984,2211339
171765,67821984,1663447
171766,9831829,1867243
171767,18539217,569420
171768,01846359,1890194
171769,06230932,329057
171770,33828139,396795
171771,18539217,2598239
171772,01846359,912409
171773,18581928,2132489
171774,05159822,342871
171775,9831829,2793032
171776,9831829,2185117
171777,33828139,1039839
171778,9831829,234644
171779,18581928,2013602
171780,9831829,2627202
171781,9831829,1390211
171782,02838109,632979
171783,92019399,2717538
171784,06230932,2772936
171785,01846359,2497828
171786,05159822,2586284
171787,01846359,943708
171788,33828139,2153858
171789,33828139,2547141
171790,67821984,2106008
171791,67821984,402950
171792,33828139,1352876
171793,9831829,1871267
171794,18539217,2767920
171795,05159822,305430
171796,67821984,170338
171797,33828139,1366243
171798,05159822,60007
171799,18581928,1242065
171800,18581928,1121391
171801,01846359,162091
171802,18539217,1275164
171803,67821984,1450790
171804,33828139,2377972
171805,01846359,1506426
171806,92019399,971686
171807,18581928,2902709
171808,9831829,90413
171809,01846359,-15155
171810,18539217,1287
171811,18539217,2798826
171812,9831829,2242929
171813,18581928,1191754
171814,01846359,381912
171815,9831829,453946
171816,67821984,2419717
171817,67821984,10816
171818,18539217,2554244
171819,33828139,1621005
171820,06230932,-8329
171821,18539217,1627395
171822,02838109,1334580
171823,18581928,852077
171824,02838109,1231236
171825,01846359,2819215
171826,18581928,824182
171827,92019399,218454
171828,33828139,1431627
171829,02838109,2305829
171830,9831829,874162
171831,33828139,2937115
171832,18581928,2083325
171833,92019399,455981
171834,9831829,575309
171835,18539217,217546
171836,06230932,2826358
171837,9831829,968556
171838,9831829,2814271
171839,92019399,1261264
171840,18539217,1915359
171841,9831829,2289930
171842,92019399,895198
171843,67821984,2015382
171844,33828139,1879263
171845,67821984,970258
171846,05159822,840238
171847,9831829,497854
171848,06230932,2050472
171849,01846359,1704618
171850,33828139,721710
171851,05159822,2921901
171852,18539217,380794
171853,05159822,2913431
171854,18581928,2425891
171855,33828139,1892205
171856,92019399,861331
171857,02838109,45512
171858,05159822,1912495
171859,9831829,1277025
171860,02838109,2745276
171861,05159822,302351
171862,92019399,1806117
171863,18539217,380291
171864,06230932,2264081
171865,06230932,1802223
171866,33828139,2489766
171867,02838109,532215
171868,92019399,2000399
171869,92019399,1251534
171870,18539217,2738252
171871,05159822,1609534
171872,05159822,2056966
171873,9831829,159571
171874,67821984,2926299
171875,9831829,2742540
171876,01846359,976805
171877,02838109,114835
171878,67821984,1359747
171879,18539217,2487144
171880,06230932,2196338
171881,18581928,74793
171882,92019399,2796480
171883,05159822,943216
171884,01846359,1875674
171885,06230932,2617235
171886,05159822,1033974
171887,18539217,2512467
171888,92019399,2540252
171889,18581928,1325251
171890,18539217,1623186
171891,18581928,2216142
171892,33828139,2003813
171893,02838109,938311
171894,01846359,2920368
171895,33828139,11482
171896,01846359,1426080
171897,05159822,8822
171898,92019399,2425641
171899,67821984,303919
171900,01846359,2664061
171901,9831829,476051
171902,18581928,1589978
171903,18581928,2274354
171904,01846359,2351775
171905,33828139,591842
171906,02838109,1233042
171907,67821984,2841378
171908,33828139,791389
171909,02838109,2280990
171910,67821984,1752999
171911,18581928,1141155
171912,06230932,1159488
171913,92019399,2095987
171914,18539217,1353121
171915,33828139,2586627
171916,9831829,1413882
171917,18539217,1311836
171918,9831829,1309514
171919,18581928,2099989
171920,18539217,1414132
171921,18539217,2770092
171922,18539217,963679
171923,18581928,2814145
171924,92019399,299562
171925,33828139,725060
171926,33828139,2123194
171927,01846359,234616
171928,9831829,1065749
171929,05159822,756798
171930,18539217,1555030
171931,01846359,1508981
171932,9831829,727249
171933,92019399,2315682
171934,01846359,1037377
171935,33828139,174031
171936,18539217,1036719
171937,05159822,2404349
171938,92019399,2919601
171939,9831829,1385094
171940,33828139,1920137
171941,9831829,2118078
171942,06230932,1271529
171943,02838109,277316
171944,06230932,1685016
171945,92019399,1942582
171946,18581928,406433
171947,33828139,503805
171948,67821984,2510545
171949,92019399,2047760
171950,05159822,1183548
171951,02838109,1047564
171952,01846359,1277985
171953,67821984,2572238
171954,67821984,2882768
171955,18539217,245920
171956,9831829,422052
171957,06230932,865716
171958,02838109,571877
171959,05159822,1641867
171960,18581928,1753793
171961,18539217,1474068
171962,05159822,529034
171963,02838109,1781537
171964,67821984,2202281
171965,06230932,1634108
171966,06230932,1467377
171967,06230932,2665504
171968,9831829,385274
171969,67821984,1502441
171970,01846359,1827176
171971,9831829,25587
171972,33828139,221021
171973,67821984,933056
171974,92019399,2635277
171975,18539217,456725
171976,33828139,2166448
171977,92019399,1040208
171978,06230932,2294299
171979,02838109,1936317
171980,92019399,2669757
171981,06230932,1423068
171982,02838109,2018817
171983,18581928,425692
171984,18581928,1758628
171985,18539217,2978564
171986,9831829,2875837
171987,05159822,2589680
171988,33828139,519051
171989,92019399,2528272
171990,05159822,1719877
171991,05159822,1199901
171992,18581928,2700027
171993,01846359,261548
171994,05159822,347383
171995,06230932,2674125
171996,18581928,2811501
171997,9831829,2152232
171998,06230932,431414
171999,06230932,-660
172000,92019399,81521
172001,02838109,457750
172002,92019399,1854060
172003,67821984,144371
172004,05159822,1185807
172005,92019399,1841063
172006,9831829,179335
172007,05159822,2620547
172008,05159822,910454
172009,67821984,2240443
172010,05159822,2763790
172011,01846359,1454852
172012,18539217,294406
172013,67821984,2889428
172014,9831829,2895059
172015,18581928,1205467
172016,06230932,184724
172017,92019399,2297188
172018,9831829,514553
172019,01846359,644526
172020,67821984,1557836
172021,33828139,2140508
172022,06230932,1593697
172023,67821984,686770
172024,33828139,2706941
172025,33828139,2437722
172026,02838109,2436825
172027,18539217,1136696
172028,18539217,786299
172029,67821984,627534
172030,33828139,2282412
172031,06230932,2069772
172032,05159822,2481975
172033,06230932,2323439
172034,67821984,2698145
172035,33828139,1768546
172036,01846359,1088979
172037,92019399,2408357
172038,06230932,725671
172039,33828139,1272221
172040,67821984,691341
172041,06230932,1551898
172042,92019399,1776135
172043,67821984,2942976
172044,9831829,1711535
172045,67821984,178630
172046,67821984,967898
172047,05159822,897233
172048,9831829,857457
172049,92019399,1255212
172050,06230932,1244008
172051,67821984,1240767
172052,33828139,855109
172053,33828139,1114947
172054,01846359,2485230
172055,18539217,-5014
172056,33828139,2232802
172057,18539217,2925343
172058,9831829,2909832
172059,9831829,1289036
172060,18581928,1665070
172061,18539217,2195042
172062,01846359,2892484
172063,02838109,1601124
172064,02838109,2256090
172065,9831829,2293286
172066,01846359,2751285
172067,92019399,1043128
172068,01846359,1332965
172069,67821984,149817
172070,05159822,609692
172071,18539217,1995142
172072,9831829,2127491
172073,92019399,924308
172074,02838109,385778
172075,01846359,2243254
172076,05159822,966118
172077,67821984,1240452
172078,06230932,1956956
172079,02838109,1771926
172080,18581928,656615
172081,02838109,624271
172082,18539217,1646895
172083,18581928,712935
172084,18539217,1317652
172085,02838109,623119
172086,02838109,2040895
172087,01846359,2634027
172088,18539217,850634
172089,06230932,2496873
172090,67821984,2357623
172091,18581928,2847671
172092,92019399,1089990
172093,92019399,1213011
172094,02838109,773230
172095,33828139,8700
172096,05159822,1754993
172097,05159822,70580
172098,05159822,1641733
172099,18581928,736969
172100,92019399,959950
172101,18539217,992439
172102,06230932,2818364
172103,18539217,1205066
172104,92019399,824527
172105,92019399,866849
172106,67821984,223192
172107,01846359,825610
172108,18539217,1826400
172109,01846359,2002322
172110,02838109,444689
172111,33828139,2788653
172112,33828139,1349664
172113,18539217,782228
172114,67821984,2270416
172115,9831829,2315723
172116,06230932,1090627
172117,18581928,1443029
172118,9831829,2701472
172119,18581928,1903396
172120,18581928,1663822
172121,67821984,1568110
172122,06230932,1123328
172123,01846359,563776
172124,33828139,854391
172125,33828139,114007
172126,18539217,2577970
172127,01846359,2799979
172128,05159822,150206
172129,9831829,2161934
172130,05159822,2832617
172131,02838109,1609347
172132,05159822,2237978
172133,67821984,2863070
172134,33828139,223544
172135,02838109,726991
172136,01846359,1660731
172137,06230932,1359619
172138,67821984,477596
172139,02838109,734125
172140,9831829,2157670
172141,9831829,278218
172142,02838109,2968215
172143,01846359,565580
172144,18581928,2534722
172145,18581928,134545
172146,06230932,1042272
172147,67821984,1714317
172148,18539217,1583008
172149,05159822,935359
172150,9831829,486625
172151,92019399,2654313
172152,18581928,972284
172153,05159822,418342
172154,9831829,827016
172155,67821984,1129676
172156,05159822,1707878
172157,92019399,728162
172158,01846359,2297309
172159,67821984,2200053
172160,67821984,2408686
172161,9831829,1597737
172162,06230932,643520
172163,9831829,2952688
172164,18539217,783630
172165,06230932,2858233
172166,02838109,1921681
172167,02838109,2806306
172168,06230932,2837955
172169,01846359,2005525
172170,02838109,2266168
172171,01846359,1357329
172172,33828139,1223979
172173,67821984,578028
172174,01846359,2846810
172175,18539217,1515679
172176,02838109,249550
172177,92019399,1066613
172178,9831829,1729671
172179,18539217,2499951
172180,67821984,345443
172181,33828139,1047937
172182,01846359,2408125
172183,92019399,143955
172184,9831829,2729935
172185,9831829,167279
172186,18539217,1844051
172187,67821984,901751
172188,02838109,614186
172189,05159822,1921898
172190,67821984,2030462
172191,67821984,2782913
172192,05159822,1068643
172193,18581928,2253635
172194,9831829,1339628
172195,05159822,420042
172196,33828139,1281444
172197,18539217,326326
172198,67821984,1920497
172199,18539217,555319
172200,92019399,524412
172201,02838109,1712266
172202,18581928,2353145
172203,01846359,1427129
172204,01846359,-13234
172205,67821984,2537404
172206,18539217,2103894
172207,67821984,1161139
172208,9831829,1213740
172209,06230932,578847
172210,05159822,2037463
172211,18581928,88845
172212,92019399,1662185
172213,33828139,1377646
172214,01846359,1638406
172215,01846359,2140906
172216,9831829,37367
172217,67821984,747011
172218,67821984,1605029
172219,02838109,1022649
172220,05159822,1919669
172221,67821984,2072044
172222,06230932,1036388
172223,18539217,2325252
172224,18539217,1723369
172225,9831829,341427
172226,9831829,2193296
172227,05159822,1300767
172228,05159822,1287588
172229,05159822,1962737
172230,01846359,235379
172231,67821984,2041052
172232,33828139,719534
172233,06230932,742297
172234,05159822,753354
172235,02838109,1211473
172236,18581928,2952050
172237,18581928,2349766
172238,01846359,277017
172239,18581928,2431693
172240,01846359,2450336
172241,18539217,2420801
172242,33828139,-18091
172243,01846359,1426642
172244,18581928,265863
172245,01846359,667945
172246,18581928,1676258
172247,92019399,973404
172248,18581928,1830252
172249,9831829,1794712
172250,67821984,1922794
172251,18581928,29156
172252,05159822,2169610
172253,01846359,256168
172254,33828139,1791487
172255,9831829,613787
172256,05159822,61657
172257,02838109,932996
172258,01846359,1816830
172259,01846359,301203
172260,18539217,781501
172261,9831829,1112622
172262,18539217,2143979
172263,05159822,1265577
172264,18581928,294037
172265,01846359,1249777
172266,18581928,668994
172267,02838109,699712
172268,18581928,2147652
172269,9831829,329293
172270,18581928,723040
172271,33828139,10936
172272,67821984,1036035
172273,67821984,704536
172274,18539217,2402367
172275,06230932,1386714
172276,05159822,1911304
172277,18581928,2385453
172278,05159822,2861993
172279,02838109,888578
172280,92019399,2581538
172281,02838109,1552256
172282,9831829,1221099
172283,9831829,136958
172284,9831829,1150912
172285,67821984,1178686
172286,67821984,1893368
172287,33828139,18900
172288,18539217,381921
172289,18581928,2711326
172290,92019399,408314
172291,67821984,927802
172292,01846359,943350
172293,06230932,1500065
172294,05159822,1537703
172295,33828139,1674397
172296,18539217,1252176
172297,9831829,2118866
172298,18539217,2621610
172299,05159822,461946
172300,18539217,2630511
172301,33828139,1689406
172302,05159822,2532035
172303,67821984,639371
172304,33828139,68451
172305,18581928,264517
172306,9831829,1729530
172307,05159822,663169
172308,02838109,1282384
172309,05159822,747598
172310,92019399,436297
172311,02838109,1280579
172312,9831829,1888556
172313,06230932,1381781
172314,06230932,412758
172315,33828139,2205427
172316,67821984,1816895
172317,33828139,1315105
172318,05159822,2629716
172319,01846359,1266632
172320,05159822,2745664
172321,92019399,2739319
172322,06230932,659480
172323,18539217,1173502
172324,92019399,1625587
172325,01846359,171401
172326,02838109,1063991
172327,01846359,1824858
172328,18539217,597355
172329,02838109,2277785
172330,05159822,2841475
172331,67821984,791966
172332,01846359,1864170
172333,67821984,1910606
172334,06230932,703772
172335,02838109,1665656
172336,67821984,2176317
172337,9831829,95492
172338,18581928,17796
172339,18539217,2945368
172340,67821984,1654623
172341,06230932,1799925
172342,02838109,292789
172343,18581928,1319465
172344,9831829,1349211
172345,18539217,1068828
172346,06230932,1114205
172347,05159822,760828
172348,05159822,2303804
172349,67821984,2616662
172350,05159822,1242677
172351,33828139,155667
172352,02838109,776821
172353,18539217,612221
172354,05159822,452884
172355,33828139,1202203
172356,05159822,1012879
172357,01846359,2017471
172358,05159822,303420
172359,18539217,1928140
172360,01846359,2304489
172361,18539217,422036
172362,33828139,2278626
172363,06230932,757030
172364,01846359,1104641
172365,01846359,12833
172366,92019399,1483108
172367,18539217,1169920
172368,01846359,2274052
172369,18581928,319989
172370,67821984,2586899
172371,9831829,2563563
172372,05159822,2033974
172373,01846359,2499552
172374,67821984,822754
172375,02838109,25736
172376,06230932,1159218
172377,05159822,1342949
172378,18539217,1651981
172379,92019399,1950779
172380,02838109,1239422
172381,67821984,2224381
172382,9831829,927977
172383,18539217,1290261
172384,18581928,547834
172385,06230932,2302331
172386,05159822,1161832
172387,01846359,2271079
172388,67821984,-15688
172389,92019399,-13269
172390,18539217,2036510
172391,01846359,1873789
172392,92019399,1021363
172393,67821984,2724281
172394,05159822,133226
172395,01846359,854907
172396,06230932,2992639
172397,33828139,787835
172398,18539217,1759307
172399,05159822,137481
172400,67821984,116902
172401,33828139,1817598
172402,01846359,2002634
172403,67821984,730111
172404,01846359,2943632
172405,18581928,1313276
172406,06230932,2806347
172407,18539217,840773
172408,01846359,2585489
172409,33828139,2595571
172410,33828139,617633
172411,33828139,1216171
172412,67821984,2575485
172413,18539217,483240
172414,01846359,1019387
172415,18581928,1809330
172416,67821984,297421
172417,67821984,505006
172418,67821984,1554635
172419,05159822,565607
172420,01846359,1142196
172421,06230932,40590
172422,06230932,989742
172423,02838109,404234
172424,18581928,1351242
172425,33828139,1069564
172426,18581928,2941159
172427,18539217,2213190
172428,33828139,2742718
172429,02838109,1506899
172430,67821984,1663217
172431,18581928,2735720
172432,18581928,288283
172433,06230932,892604
172434,01846359,959365
172435,67821984,2670845
172436,92019399,304880
172437,01846359,553106
172438,18539217,46560
172439,18539217,406895
172440,01846359,1748697
172441,92019399,60179
172442,18581928,1312376
172443,05159822,2151211
172444,33828139,2400574
172445,05159822,2244002
172446,67821984,2542334
172447,92019399,806467
172448,02838109,416498
172449,92019399,2227444
172450,33828139,2263018
172451,67821984,1700878
172452,33828139,924294
172453,01846359,1394978
172454,92019399,1961442
172455,06230932,821296
172456,06230932,2866968
172457,06230932,2165746
172458,05159822,2833214
172459,06230932,2768956
172460,18539217,2615325
172461,67821984,214124
172462,18581928,681197
172463,92019399,334688
172464,92019399,2150395
172465,33828139,594209
172466,18581928,120165
172467,06230932,615020
172468,06230932,1689326
172469,33828139,27922
172470,18581928,2237451
172471,06230932,2056966
172472,33828139,2773164
172473,33828139,1704056
172474,92019399,2757480
172475,02838109,2432314
172476,9831829,2410097
172477,05159822,2377016
172478,06230932,1733191
172479,05159822,1702785
172480,33828139,1552078
172481,33828139,673289
172482,18581928,470476
172483,33828139,1271158
172484,06230932,2756777
172485,92019399,2909944
172486,67821984,1371710
172487,92019399,63387
172488,9831829,628197
172489,92019399,2041809
172490,33828139,419844
172491,06230932,1750527
172492,06230932,2269651
172493,18581928,621115
172494,18539217,1136404
172495,01846359,2058653
172496,67821984,2258641
172497,05159822,33696
172498,9831829,2292389
172499,02838109,2995108
172500,05159822,2062357
172501,18581928,1760607
172502,33828139,2489859
172503,06230932,355772
172504,05159822,1567883
172505,9831829,2223690
172506,01846359,858190
172507,18539217,1704509
172508,67821984,161510
172509,01846359,1589230
172510,92019399,194348
172511,06230932,2412884
172512,9831829,848173
172513,06230932,481770
172514,9831829,780040
172515,33828139,1598393
172516,02838109,1503197
172517,06230932,2361769
172518,9831829,2950669
172519,33828139,1994613
172520,92019399,940004
172521,92019399,2176618
172522,33828139,1167340
172523,05159822,1219652
172524,33828139,700273
172525,92019399,2771756
172526,01846359,787839
172527,06230932,672759
172528,02838109,275283
172529,01846359,1536637
172530,01846359,2114330
172531,18539217,1114437
172532,9831829,2384373
172533,18581928,1063682
172534,92019399,1529550
172535,33828139,2245638
172536,67821984,427416
172537,18581928,1239985
172538,67821984,2979763
172539,02838109,1663962
172540,18581928,2987863
172541,06230932,1095966
172542,01846359,2668151
172543,33828139,1300230
172544,06230932,1737093
172545,18581928,544182
172546,06230932,1225020
172547,18581928,1709206
172548,01846359,2275484
172549,02838109,1026368
172550,18539217,2277129
172551,67821984,1237625
172552,05159822,2549200
172553,18581928,38698
172554,01846359,1805665
172555,06230932,1886124
172556,33828139,2525968
172557,18581928,2759083
172558,18539217,1769291
172559,67821984,1872442
172560,18539217,263714
172561,9831829,999811
172562,92019399,581677
172563,01846359,298149
172564,01846359,906009
172565,92019399,195009
172566,33828139,1339465
172567,01846359,2463576
172568,9831829,2631171
172569,01846359,2318383
172570,01846359,623303
172571,67821984,2561155
172572,33828139,1940052
172573,18581928,1150961
172574,06230932,2161024
172575,92019399,1702375
172576,02838109,1964313
172577,33828139,586400
172578,92019399,1668991
172579,92019399,2106692
172580,06230932,1160419
172581,67821984,1813040
172582,01846359,761802
172583,05159822,2168490
172584,67821984,44138
172585,92019399,1291971
172586,02838109,1923824
172587,9831829,321930
172588,18581928,2203737
172589,01846359,393670
172590,18539217,10768
172591,67821984,2409827
172592,18581928,331191
172593,92019399,1679465
172594,33828139,1875512
172595,18539217,2545879
172596,18581928,2173628
172597,9831829,258536
172598,18539217,1693652
172599,02838109,848358
172600,05159822,1040297
172601,05159822,2288781
172602,06230932,107967
172603,67821984,884949
172604,9831829,1760657
172605,18539217,2582773
172606,18581928,74287
172607,02838109,2341628
172608,01846359,288890
172609,92019399,1015475
172610,18539217,1770475
172611,05159822,954363
172612,67821984,39962
172613,18581928,2956569
172614,67821984,421500
172615,92019399,2198607
172616,9831829,1357977
172617,05159822,2325370
172618,18539217,2732972
172619,33828139,2179815
172620,92019399,1302053
172621,67821984,1236527
172622,18539217,2007532
172623,06230932,908658
172624,02838109,1430144
172625,18581928,1356428
172626,06230932,2432025
172627,05159822,1743621
172628,18539217,2131616
172629,01846359,2629
172630,9831829,2440486
172631,18539217,1993022
172632,01846359,2230444
172633,67821984,613751
172634,9831829,2704068
172635,9831829,-15002
172636,9831829,1378823
172637,9831829,2218996
172638,33828139,2752472
172639,05159822,1155222
172640,02838109,551637
172641,92019399,1996878
172642,01846359,1083068
172643,18581928,2138882
172644,9831829,422833
172645,01846359,248719
172646,33828139,2183475
172647,92019399,931029
172648,02838109,1088057
172649,9831829,1414088
172650,9831829,848991
172651,01846359,2807743
172652,06230932,1267287
172653,05159822,2965301
172654,33828139,1945911
172655,05159822,1951211
172656,33828139,2436250
172657,06230932,1117193
172658,18581928,477396
172659,06230932,2743334
172660,9831829,805849
172661,06230932,1335558
172662,05159822,8985
172663,01846359,793300
172664,05159822,1663686
172665,67821984,374804
172666,05159822,458911
172667,9831829,1823375
172668,92019399,531128
172669,67821984,984497
172670,33828139,151912
172671,06230932,824830
172672,67821984,865457
172673,06230932,420309
172674,33828139,1867819
172675,06230932,1878952
172676,01846359,2114773
172677,92019399,656832
172678,33828139,654558
172679,06230932,2770620
172680,9831829,2044780
172681,9831829,87127
172682,92019399,2543595
172683,33828139,2133551
172684,06230932,2886787
172685,67821984,2846825
172686,33828139,2361229
172687,67821984,1944811
172688,18581928,43730
172689,67821984,20825
172690,01846359,1040325
172691,18581928,2896346
172692,18539217,1131806
172693,67821984,1750826
172694,18539217,51856
172695,18539217,1250151
172696,18581928,605131
172697,02838109,881588
172698,18539217,1496996
172699,33828139,1686026
172700,18581928,2203573
172701,92019399,-18772
172702,06230932,2354240
172703,92019399,1155711
172704,9831829,1566226
172705,67821984,246301
172706,33828139,318282
172707,18581928,1195634
172708,06230932,112664
172709,06230932,441663
172710,9831829,4563
172711,02838109,2563438
172712,06230932,1572516
172713,33828139,1463651
172714,18539217,230498
172715,02838109,2514200
172716,9831829,1790349
172717,67821984,2994344
172718,05159822,2488354
172719,18581928,309834
172720,67821984,1600053
172721,9831829,121652
172722,92019399,2669098
172723,06230932,2661650
172724,06230932,2546392
172725,01846359,227859
172726,05159822,1492286
172727,92019399,435938
172728,33828139,2697398
172729,67821984,2438622
172730,92019399,2915088
172731,92019399,2196015
172732,18539217,997619
172733,92019399,304234
172734,05159822,819763
172735,92019399,1490505
172736,18581928,23111
172737,02838109,1419241
172738,18581928,345357
172739,67821984,2197174
172740,05159822,472424
172741,33828139,2848058
172742,18581928,2922215
172743,05159822,1907358
172744,01846359,2004752
172745,18539217,1495765
172746,18539217,1099061
172747,02838109,434504
172748,33828139,2572480
172749,05159822,1056833
172750,06230932,40346
172751,01846359,161047
172752,05159822,2896925
172753,18581928,2684908
172754,67821984,689308
172755,18539217,1840106
172756,06230932,768138
172757,33828139,424093
172758,18539217,2514639
172759,18581928,2738537
172760,18581928,2933099
172761,06230932,2676899
172762,02838109,558603
172763,02838109,713305
172764,05159822,1631131
172765,06230932,1477258
172766,33828139,2906627
172767,33828139,2835673
172768,05159822,1852279
172769,05159822,2696420
172770,18539217,945094
172771,01846359,307386
172772,18581928,2743903
172773,18539217,1456543
172774,05159822,150032
172775,01846359,1057849
172776,05159822,1126615
172777,18539217,17454
172778,33828139,1699463
172779,18539217,272957
172780,18581928,2374879
172781,05159822,742245
172782,18539217,1940124
172783,9831829,1407475
172784,67821984,76612
172785,18539217,753646
172786,05159822,779575
172787,01846359,506934
172788,18539217,1422015
172789,9831829,2773523
172790,9831829,1241216
172791,01846359,271169
172792,05159822,410697
172793,18539217,1153582
172794,02838109,2220644
172795,06230932,72513
172796,33828139,2322060
172797,05159822,1638234
172798,33828139,1660522
172799,05159822,1838368
172800,18581928,882973
172801,33828139,1317610
172802,67821984,108944
172803,33828139,1371025
172804,06230932,465063
172805,06230932,837000
172806,02838109,639799
172807,06230932,1915520
172808,01846359,2281062
172809,06230932,2754518
172810,02838109,2863132
172811,02838109,451954
172812,33828139,2300001
172813,92019399,1994939
172814,92019399,1482135
172815,05159822,603241
172816,01846359,317958
172817,06230932,571282
172818,02838109,2424719
172819,02838109,2068024
172820,92019399,1184406
172821,92019399,660289
172822,67821984,2785228
172823,9831829,1260618
172824,05159822,1217249
172825,9831829,2243411
172826,18581928,2855381
172827,06230932,2409762
172828,05159822,1699945
172829,02838109,72769
172830,18539217,124168
172831,01846359,1703400
172832,01846359,2800832
172833,33828139,2070197
172834,9831829,2787576
172835,05159822,722243
172836,18581928,902674
172837,9831829,253645
172838,18539217,2456924
172839,33828139,606731
172840,06230932,447066
172841,33828139,1205022
172842,92019399,2968415
172843,92019399,939270
172844,01846359,1845067
172845,06230932,534610
172846,01846359,2595180
172847,01846359,1557071
172848,18539217,1403631
172849,02838109,2059528
172850,18539217,2490754
172851,05159822,2203527
172852,67821984,1927505
172853,9831829,541720
172854,18539217,2537772
172855,9831829,766261
172856,06230932,2007111
172857,33828139,1202616
172858,18539217,1799209
172859,02838109,218435
172860,02838109,1517692
172861,01846359,1370036
172862,02838109,2636655
172863,92019399,2997051
172864,33828139,2435866
172865,05159822,1539160
172866,01846359,2392424
172867,67821984,1192135
172868,67821984,2999767
172869,02838109,185260
172870,18539217,1178870
172871,33828139,937463
172872,01846359,382818
172873,06230932,1351536
172874,06230932,2740109
172875,33828139,1710412
172876,67821984,1671043
172877,67821984,1596761
172878,18539217,169560
172879,9831829,2959444
172880,9831829,1465162
172881,9831829,661739
172882,05159822,285407
172883,18539217,2738274
172884,18581928,2639092
172885,05159822,508210
172886,05159822,2915169
172887,01846359,167046
172888,92019399,1524259
172889,92019399,1339655
172890,18581928,1627521
172891,18539217,1404573
172892,02838109,1948834
172893,67821984,907434
172894,92019399,608863
172895,92019399,2713380
172896,06230932,722774
172897,33828139,17946
172898,18539217,1361970
172899,67821984,1672283
172900,02838109,2834080
172901,02838109,1503191
172902,01846359,2433958
172903,33828139,2463552
172904,05159822,2031606
172905,9831829,2376458
172906,02838109,1439387
172907,67821984,653632
172908,33828139,341621
172909,18581928,2241600
172910,18581928,1106550
172911,01846359,746200
172912,18539217,2206052
172913,02838109,2789819
172914,02838109,1620593
172915,18581928,2693194
172916,06230932,1672224
172917,92019399,369363
172918,01846359,2642287
172919,06230932,990228
172920,67821984,1029015
172921,33828139,2976842
172922,33828139,2715799
172923,06230932,471549
172924,02838109,1583618
172925,02838109,2978234
172926,18581928,2649179
172927,92019399,1075836
172928,18539217,1756201
172929,33828139,583488
172930,06230932,2281811
172931,92019399,641119
172932,18581928,865649
172933,05159822,2611816
172934,05159822,2183427
172935,01846359,162144
172936,06230932,2801784
172937,18539217,294333
172938,05159822,214551
172939,67821984,2410761
172940,67821984,507182
172941,02838109,1463949
172942,05159822,450104
172943,01846359,877759
172944,9831829,71819
172945,02838109,137008
172946,92019399,1528022
172947,05159822,1556840
172948,33828139,1243955
172949,02838109,1361190
172950,9831829,1931631
172951,67821984,1329485
172952,9831829,2166594
172953,18581928,582875
172954,92019399,1271215
172955,9831829,2063379
172956,06230932,2636342
172957,18539217,330448
172958,92019399,397125
172959,18539217,1522437
172960,9831829,2657900
172961,67821984,2114937
172962,02838109,556919
172963,02838109,2666548
172964,06230932,337187
172965,06230932,2247447
172966,05159822,2635784
172967,01846359,531898
172968,33828139,1273569
172969,92019399,757727
172970,05159822,1034111
172971,01846359,2929556
172972,67821984,2231612
172973,06230932,203500
172974,06230932,914066
172975,02838109,518225
172976,18581928,239773
172977,18581928,1178035
172978,33828139,109174
172979,02838109,432165
172980,18581928,948983
172981,06230932,1631549
172982,67821984,2974370
172983,9831829,37097
172984,02838109,14878
172985,06230932,798958
172986,33828139,287231
172987,18581928,2279866
172988,01846359,417858
172989,05159822,1655369
172990,05159822,1801599
172991,67821984,313883
172992,18581928,548627
172993,18539217,499531
172994,67821984,2271148
172995,01846359,685386
172996,67821984,1630422
172997,01846359,818934
172998,33828139,2109979
172999,06230932,2526470
173000,33828139,1169504
173001,18581928,2866159
173002,33828139,37894
173003,18581928,1326194
173004,18581928,11307
173005,33828139,2969791
173006,33828139,2586163
173007,92019399,572971
173008,01846359,672321
173009,18539217,2484711
173010,92019399,2002250
173011,02838109,1321530
173012,05159822,1715873
173013,18539217,1738616
173014,9831829,1838998
173015,67821984,501490
173016,01846359,2288107
173017,33828139,318736
173018,02838109,1001379
173019,02838109,114882
173020,18581928,2771818
173021,18581928,623277
173022,33828139,2827007
173023,67821984,2540160
173024,18581928,2298710
173025,06230932,2808883
173026,92019399,2565712
173027,06230932,120637
173028,02838109,2938596
173029,18581928,663807
173030,05159822,1008499
173031,02838109,956072
173032,92019399,2424326
173033,18539217,1369059
173034,02838109,1548748
173035,18581928,413385
173036,18581928,501323
173037,9831829,1626366
173038,01846359,2937100
173039,02838109,968802
173040,01846359,495238
173041,67821984,217071
173042,05159822,881090
173043,92019399,1732802
173044,01846359,1179687
173045,92019399,2975095
173046,05159822,2979426
173047,06230932,1082474
173048,18539217,1376437
173049,05159822,2862444
173050,05159822,1254004
173051,92019399,435822
173052,67821984,272659
173053,01846359,1583144
173054,01846359,2652882
173055,05159822,776207
173056,02838109,1977054
173057,33828139,2376290
173058,05159822,2591863
173059,05159822,483583
173060,67821984,1443364
173061,67821984,1279831
173062,18581928,1611881
173063,05159822,40474
173064,92019399,2172273
173065,33828139,543032
173066,06230932,2443907
173067,01846359,1535456
173068,92019399,678064
173069,01846359,1233002
173070,92019399,1185972
173071,18539217,2012740
173072,05159822,2868283
173073,06230932,2503320
173074,01846359,124755
173075,9831829,744681
173076,67821984,1471253
173077,67821984,1127903
173078,01846359,356775
173079,01846359,938463
173080,18539217,1713986
173081,02838109,497352
173082,06230932,2663941
173083,33828139,2631491
173084,05159822,2693128
173085,92019399,2641498
173086,01846359,2569704
173087,05159822,2884695
173088,06230932,2755024
173089,33828139,300182
173090,18539217,774031
173091,67821984,36023
173092,67821984,2037975
173093,92019399,344529
173094,33828139,2432842
173095,33828139,2415840
173096,33828139,115516
173097,02838109,787653
173098,18581928,2365894
173099,18539217,1110845
173100,06230932,294134
173101,92019399,2644941
173102,05159822,2500308
173103,06230932,2783133
173104,05159822,195311
173105,18539217,2970815
173106,9831829,2854254
173107,67821984,579110
173108,18539217,2533122
173109,05159822,57974
173110,06230932,303683
173111,18539217,1181650
173112,02838109,784227
173113,92019399,2347864
173114,18581928,2978988
173115,9831829,503033
173116,9831829,357932
173117,9831829,2512372
173118,02838109,293906
173119,18539217,1665504
173120,92019399,144268
173121,18539217,2388254
173122,06230932,1313081
173123,9831829,1709776
173124,18539217,943899
173125,92019399,1790
173126,02838109,2455991
173127,18539217,194792
173128,9831829,2617386
173129,05159822,1579025
173130,01846359,1022212
173131,02838109,1549806
173132,18539217,2913232
173133,18539217,1283874
173134,9831829,2112
173135,9831829,116840
173136,02838109,1762287
173137,01846359,2165701
173138,67821984,135528
173139,06230932,-11002
173140,9831829,2112024
173141,92019399,85598
173142,01846359,409034
173143,67821984,301574
173144,18581928,1180277
173145,9831829,2503215
173146,02838109,2797265
173147,9831829,810461
173148,01846359,433461
173149,18581928,509309
173150,92019399,2429222
173151,92019399,1007252
173152,9831829,2787590
173153,92019399,2306500
173154,18539217,1693942
173155,18539217,1867666
173156,67821984,983463
173157,33828139,2949270
173158,02838109,1827333
173159,01846359,933878
173160,18581928,2792943
173161,06230932,361479
173162,33828139,801821
173163,05159822,2113038
173164,92019399,1887947
173165,06230932,1586347
173166,67821984,839261
173167,18581928,2935860
173168,06230932,998135
173169,33828139,2972031
173170,02838109,682359
173171,02838109,673826
173172,18539217,2187690
173173,06230932,2159669
173174,67821984,908831
173175,92019399,1604687
173176,02838109,1799749
173177,06230932,233955
173178,67821984,960369
173179,92019399,1660483
173180,06230932,1649926
173181,18539217,1006532
173182,33828139,614134
173183,92019399,1481187
173184,18581928,2162976
173185,18539217,2244011
173186,18539217,2074673
173187,02838109,1860937
173188,92019399,2215725
173189,9831829,2802552
173190,05159822,151859
173191,01846359,316984
173192,02838109,775347
173193,9831829,301080
173194,05159822,484352
173195,67821984,1050697
173196,06230932,1331366
173197,9831829,56509
173198,18539217,1921404
173199,02838109,1704484
173200,33828139,1159594
173201,33828139,1489923
173202,92019399,1374989
173203,18539217,1130977
173204,33828139,1827653
173205,33828139,1898323
173206,67821984,1573228
173207,05159822,2370462
173208,33828139,1428698
173209,05159822,1307919
173210,18581928,2538274
173211,18539217,1954660
173212,06230932,1129673
173213,33828139,2703717
173214,01846359,2459301
173215,02838109,653956
173216,18581928,632547
173217,9831829,2736188
173218,67821984,1003806
173219,01846359,41084
173220,05159822,1432656
173221,67821984,2873768
173222,06230932,1765317
173223,18539217,1888797
173224,18581928,922130
173225,06230932,2717691
173226,01846359,909116
173227,02838109,1848155
173228,02838109,2330332
173229,9831829,681017
173230,9831829,1821677
173231,9831829,2339860
173232,18539217,1634436
173233,33828139,1434023
173234,33828139,2220866
173235,01846359,1576546
173236,02838109,1561449
173237,92019399,2963986
173238,01846359,1731856
173239,92019399,2808520
173240,9831829,2620782
173241,92019399,690795
173242,02838109,1369225
173243,92019399,2795351
173244,05159822,1204081
173245,05159822,1082358
173246,02838109,2938837
173247,33828139,1029587
173248,9831829,1053236
173249,06230932,164420
173250,92019399,821374
173251,02838109,1613463
173252,67821984,59199
173253,18539217,2160574
173254,06230932,1224166
173255,01846359,1809548
173256,92019399,1349654
173257,18539217,2630969
173258,67821984,813966
173259,05159822,1036790
173260,01846359,1378360
173261,92019399,908603
173262,06230932,202029
173263,9831829,1183665
173264,33828139,736595
173265,18539217,2555742
173266,01846359,857439
173267,18581928,1930098
173268,33828139,1245064
173269,18539217,288738
173270,92019399,19691
173271,06230932,1278478
173272,01846359,2585170
173273,05159822,2782812
173274,33828139,2083011
173275,18539217,88653
173276,67821984,2498397
173277,18581928,805681
173278,01846359,689531
173279,06230932,2041677
173280,18539217,2957393
173281,9831829,1673043
173282,18581928,1911047
173283,06230932,976189
173284,92019399,2249267
173285,67821984,1415050
173286,92019399,292825
173287,33828139,1145536
173288,92019399,2375459
173289,67821984,2903088
173290,92019399,1939816
173291,06230932,1975988
173292,06230932,1388857
173293,67821984,1459749
173294,92019399,541350
173295,18539217,2781206
173296,92019399,799432
173297,18539217,1957347
173298,18539217,1537329
173299,33828139,88802
173300,92019399,2937042
173301,05159822,1499605
173302,06230932,2022781
173303,18581928,2470864
173304,02838109,1379689
173305,33828139,2196386
173306,02838109,2702903
173307,67821984,1299090
173308,05159822,117077
173309,06230932,399039
173310,67821984,2304733
173311,67821984,1837895
173312,33828139,2855724
173313,33828139,1869865
173314,92019399,1871538
173315,01846359,1721306
173316,67821984,1681803
173317,67821984,2820375
173318,92019399,2010685
173319,33828139,821385
173320,06230932,1799109
173321,33828139,942760
173322,9831829,2912032
173323,01846359,1158927
173324,18539217,1975465
173325,92019399,2985708
173326,02838109,1802154
173327,18581928,2924557
173328,18581928,2801896
173329,33828139,2900176
173330,9831829,1618767
173331,05159822,564370
173332,02838109,1709056
173333,01846359,949007
173334,92019399,2807553
173335,18539217,2311671
173336,33828139,933351
173337,05159822,2933918
173338,92019399,15301
173339,9831829,1876859
173340,92019399,2312871
173341,06230932,2841946
173342,9831829,695863
173343,67821984,1683091
173344,02838109,2762192
173345,05159822,893925
173346,67821984,921946
173347,02838109,7573
173348,67821984,216632
173349,18581928,698779
173350,33828139,1459923
173351,01846359,2825501
173352,06230932,776049
173353,02838109,2875238
173354,06230932,2625799
173355,01846359,2040984
173356,01846359,370028
173357,33828139,547128
173358,18539217,2963940
173359,05159822,1301153
173360,33828139,2960776
173361,02838109,235799
173362,33828139,1800099
173363,92019399,2019799
173364,18581928,2097306
173365,33828139,1210257
173366,18581928,2778964
173367,67821984,2781642
173368,9831829,2235863
173369,18581928,2622665
173370,92019399,1121331
173371,02838109,757124
173372,18539217,792307
173373,33828139,725483
173374,06230932,1239349
173375,33828139,49054
173376,9831829,2286368
173377,02838109,2237016
173378,33828139,1953720
173379,33828139,970031
173380,05159822,1476244
173381,33828139,231945
173382,9831829,2711458
173383,18539217,2402000
173384,01846359,952105
173385,05159822,2366699
173386,18539217,2426725
173387,18581928,2215540
173388,02838109,1237145
173389,67821984,1299206
173390,01846359,2231152
173391,06230932,2725828
173392,05159822,1971019
173393,02838109,2925011
173394,05159822,2976855
173395,18539217,1153958
173396,01846359,2468079
173397,92019399,98240
173398,18581928,282689
173399,06230932,1305616
173400,06230932,1278804
173401,02838109,111530
173402,9831829,1671984
173403,18539217,773277
173404,67821984,1887728
173405,18581928,1805277
173406,33828139,1163699
173407,05159822,467490
173408,33828139,1173834
173409,18539217,1034148
173410,9831829,1952831
173411,02838109,2854051
173412,33828139,788095
173413,05159822,2433577
173414,9831829,2288176
173415,06230932,1446060
173416,9831829,778767
173417,18581928,2709903
173418,33828139,2245287
173419,05159822,235029
173420,05159822,1689288
173421,9831829,2080820
173422,9831829,591183
173423,18539217,1971494
173424,18581928,1882133
173425,33828139,954780
173426,01846359,2803995
173427,9831829,600682
173428,18581928,25582
173429,92019399,1777217
173430,67821984,1893663
173431,9831829,2156005
173432,18581928,1756235
173433,18539217,167470
173434,06230932,102561
173435,92019399,2259590
173436,33828139,2901001
173437,02838109,2574742
173438,18581928,165876
173439,18539217,2693250
173440,01846359,240979
173441,33828139,1862521
173442,01846359,1140480
173443,33828139,988029
173444,92019399,1371324
173445,05159822,2168844
173446,92019399,1968207
173447,92019399,1573103
173448,05159822,1795021
173449,67821984,2205473
173450,18539217,1195871
173451,33828139,199670
173452,67821984,339121
173453,33828139,2832265
173454,18539217,1254988
173455,18581928,537952
173456,92019399,1788713
173457,9831829,2317264
173458,18581928,2949699
173459,67821984,2359676
173460,05159822,5057
173461,18539217,601725
173462,33828139,-16574
173463,18581928,1923100
173464,01846359,2752559
173465,9831829,2188549
173466,01846359,73336
173467,18539217,620397
173468,18539217,1524696
173469,02838109,2650286
173470,9831829,238225
173471,18539217,2940608
173472,06230932,2960362
173473,01846359,2198070
173474,33828139,2252518
173475,92019399,1005492
173476,02838109,2495373
173477,92019399,285892
173478,05159822,2522190
173479,67821984,1052656
173480,01846359,242495
173481,67821984,2785256
173482,33828139,2570501
173483,92019399,1797775
173484,92019399,1316948
173485,92019399,2997369
173486,02838109,510521
173487,02838109,1184616
173488,67821984,2415877
173489,18539217,348000
173490,67821984,369360
173491,06230932,170700
173492,9831829,601170
173493,01846359,1307442
173494,67821984,588075
173495,05159822,2605315
173496,9831829,2174266
173497,02838109,1725701
173498,67821984,597786
173499,18581928,2766803
173500,02838109,313049
173501,02838109,973217
173502,06230932,2592966
173503,33828139,1572362
173504,06230932,2917189
173505,33828139,1480325
173506,18581928,1158089
173507,18581928,702292
173508,92019399,1091773
173509,18581928,2445337
173510,92019399,118159
173511,06230932,996233
173512,9831829,2391395
173513,05159822,176320
173514,92019399,619949
173515,01846359,2136608
173516,92019399,2090350
173517,9831829,1011199
173518,02838109,1591259
173519,02838109,237228
173520,01846359,1572671
173521,67821984,337230
173522,05159822,1427938
173523,67821984,1754353
173524,02838109,2332380
173525,18581928,1518324
173526,06230932,435732
173527,18581928,2170627
173528,33828139,2574591
173529,05159822,2531031
173530,01846359,591411
173531,01846359,253383
173532,9831829,1147166
173533,01846359,1113470
173534,01846359,674963
173535,01846359,2035447
173536,9831829,692160
173537,67821984,2339249
173538,33828139,367745
173539,01846359,1985242
173540,18581928,903414
173541,92019399,2762911
173542,33828139,2557082
173543,01846359,928814
173544,01846359,1405738
173545,02838109,1118419
173546,01846359,469613
173547,06230932,2865760
173548,18539217,1140146
173549,67821984,845992
173550,92019399,1300437
173551,33828139,1881539
173552,92019399,2134487
173553,92019399,2359129
173554,05159822,2909492
173555,05159822,554419
173556,18539217,897931
173557,06230932,2867279
173558,67821984,-11856
173559,01846359,496387
173560,02838109,141267
173561,05159822,2143746
173562,18581928,1462099
173563,05159822,2281917
173564,06230932,1791362
173565,06230932,771237
173566,92019399,2529699
173567,05159822,2840076
173568,18581928,2797204
173569,06230932,2556126
173570,06230932,964731
173571,9831829,804090
173572,02838109,1505293
173573,18581928,999972
173574,9831829,1250961
173575,9831829,1158052
173576,05159822,468352
173577,05159822,1572338
173578,92019399,1955079
173579,9831829,1155762
173580,05159822,2382809
173581,05159822,702011
173582,02838109,2798561
173583,67821984,2452467
173584,67821984,1111577
173585,92019399,1852519
173586,18581928,2590847
173587,01846359,2139407
173588,18539217,2002122
173589,9831829,-2044
173590,9831829,333399
173591,02838109,142382
173592,33828139,151564
173593,9831829,1132659
173594,05159822,2933425
173595,05159822,1897030
173596,33828139,888696
173597,67821984,1233546
173598,02838109,2119551
173599,67821984,485166
173600,05159822,2406285
173601,18539217,3527
173602,01846359,1667268
173603,05159822,2916193
173604,02838109,1360657
173605,33828139,1227707
173606,06230932,2418255
173607,67821984,2629927
173608,05159822,489520
173609,9831829,1860824
173610,18581928,2163831
173611,06230932,2352520
173612,33828139,1956494
173613,92019399,1052875
173614,02838109,1330058
173615,67821984,1371218
173616,67821984,37109
173617,02838109,302589
173618,02838109,2944968
173619,05159822,1436027
173620,18581928,2393900
173621,92019399,745353
173622,06230932,2239722
173623,05159822,1155781
173624,01846359,493450
173625,02838109,954856
173626,9831829,719642
173627,92019399,2880691
173628,33828139,2133386
173629,18581928,1325717
173630,18539217,1929386
173631,92019399,1990445
173632,01846359,2006409
173633,05159822,2473323
173634,18581928,100272
173635,06230932,470083
173636,05159822,2258555
173637,18539217,2953398
173638,9831829,2478179
173639,18581928,2968409
173640,67821984,2778338
173641,06230932,1766493
173642,06230932,1137733
173643,92019399,2414063
173644,92019399,1885634
173645,01846359,2873545
173646,92019399,1055590
173647,06230932,524997
173648,06230932,1490368
173649,9831829,1260446
173650,33828139,737342
173651,9831829,1739052
173652,05159822,2918459
173653,9831829,2792890
173654,9831829,2971795
173655,01846359,726507
173656,67821984,60278
173657,02838109,2419259
173658,33828139,2062889
173659,67821984,2995306
173660,92019399,2135314
173661,67821984,411796
173662,01846359,811304
173663,01846359,2977485
173664,05159822,568280
173665,67821984,1049959
173666,18539217,2941374
173667,67821984,2056944
173668,01846359,2262408
173669,18581928,2860096
173670,18539217,820315
173671,05159822,1679835
173672,02838109,2964483
173673,67821984,2308534
173674,05159822,2406674
173675,05159822,2040237
173676,02838109,345242
173677,33828139,1623342
173678,18581928,1818166
173679,67821984,2246074
173680,67821984,1140372
173681,18581928,2524859
173682,18539217,2997675
173683,18581928,1543597
173684,18581928,859924
173685,9831829,1209630
173686,02838109,1142794
173687,05159822,1340390
173688,18581928,1047151
173689,05159822,2317932
173690,06230932,2996950
173691,18539217,290546
173692,18539217,952930
173693,67821984,918434
173694,33828139,2913154
173695,9831829,2011144
173696,01846359,1370150
173697,67821984,1810943
173698,05159822,1222606
173699,18539217,964986
173700,9831829,150849
173701,92019399,2332483
173702,02838109,1960148
173703,05159822,237812
173704,92019399,2981221
173705,18539217,195125
173706,92019399,44077
173707,01846359,1914111
173708,33828139,1518309
173709,18581928,1100520
173710,05159822,1310260
173711,18581928,1932335
173712,9831829,1251411
173713,02838109,2147356
173714,9831829,944323
173715,92019399,28987
173716,01846359,2969540
173717,06230932,543817
173718,18581928,2365118
173719,67821984,2469038
173720,18539217,2831534
173721,18581928,569885
173722,06230932,1259578
173723,05159822,2494481
173724,92019399,203025
173725,67821984,2129011
173726,33828139,559690
173727,18539217,629110
173728,01846359,1594947
173729,67821984,755059
173730,18581928,687085
173731,18581928,606336
173732,18581928,2634866
173733,06230932,2958396
173734,02838109,2849626
173735,33828139,669307
173736,06230932,1052358
173737,05159822,890097
173738,18581928,1527166
173739,05159822,1668631
173740,33828139,1439803
173741,33828139,1252699
173742,92019399,126008
173743,9831829,2937770
173744,92019399,2927096
173745,67821984,2665717
173746,05159822,1633611
173747,18581928,2934160
173748,9831829,1754091
173749,18539217,1732490
173750,92019399,919206
173751,18539217,2376573
173752,01846359,465998
173753,06230932,1128597
173754,05159822,1650950
173755,9831829,506590
173756,67821984,1263643
173757,33828139,2693840
173758,02838109,2778082
173759,18581928,2080302
173760,67821984,53426
173761,06230932,2931709
173762,33828139,2571273
173763,18539217,1264378
173764,33828139,2146587
173765,9831829,2392393
173766,05159822,207737
173767,18539217,943487
173768,18539217,467692
173769,06230932,1433594
173770,06230932,814971
173771,33828139,669917
173772,67821984,2111113
173773,18539217,721586
173774,06230932,104331
173775,05159822,2886335
173776,05159822,353949
173777,18539217,1947269
173778,02838109,2949545
173779,92019399,2735907
173780,92019399,151140
173781,02838109,1194555
173782,01846359,969807
173783,18539217,1059469
173784,92019399,425988
173785,18539217,1572332
173786,02838109,808684
173787,18539217,1484150
173788,01846359,1262291
173789,18539217,352586
173790,9831829,793924
173791,01846359,1427503
173792,33828139,2596974
173793,05159822,2841012
173794,06230932,1702171
173795,01846359,2143649
173796,02838109,690165
173797,02838109,879377
173798,92019399,1688706
173799,92019399,2770788
173800,01846359,2341857
173801,67821984,512579
173802,05159822,1215254
173803,67821984,1179159
173804,06230932,2545397
173805,18581928,1568621
173806,06230932,453563
173807,01846359,2187745
173808,18539217,193337
173809,05159822,2055193
173810,01846359,1534231
173811,02838109,2529811
173812,01846359,2020433
173813,18539217,2858259
173814,02838109,1183718
173815,01846359,1088315
173816,18539217,2070730
173817,05159822,1068797
173818,18539217,556810
173819,92019399,1274183
173820,92019399,700049
173821,01846359,2124670
173822,33828139,1485223
173823,18539217,2313467
173824,06230932,1414725
173825,18581928,1726431
173826,01846359,2259927
173827,18539217,1008345
173828,05159822,2598407
173829,33828139,149607
173830,9831829,1037073
173831,92019399,2821921
173832,05159822,755418
173833,05159822,1727389
173834,18581928,2516394
173835,67821984,750254
173836,01846359,310235
173837,18581928,104492
173838,02838109,595653
173839,06230932,1956058
173840,67821984,32025
173841,02838109,612834
173842,9831829,1140184
173843,33828139,408634
173844,01846359,861641
173845,06230932,1748646
173846,18581928,2518361
173847,92019399,1831518
173848,06230932,746664
173849,67821984,1642070
173850,18581928,18958
173851,67821984,1433600
173852,67821984,1817085
173853,9831829,2274572
173854,9831829,1363341
173855,33828139,-3464
173856,05159822,1504612
173857,33828139,2628688
173858,67821984,2602304
173859,05159822,2695476
173860,18581928,446194
173861,33828139,553012
173862,05159822,196426
173863,9831829,122590
173864,05159822,825758
173865,18581928,2221201
173866,92019399,2213952
173867,05159822,618348
173868,05159822,2328280
173869,01846359,789508
173870,02838109,1113086
173871,67821984,1435160
173872,02838109,2125217
173873,33828139,2993445
173874,92019399,932276
173875,06230932,1482296
173876,18539217,401608
173877,18581928,408586
173878,92019399,1264666
173879,05159822,442969
173880,06230932,2845683
173881,02838109,1389861
173882,18581928,2874868
173883,02838109,1696885
173884,18581928,809604
173885,18539217,528899
173886,92019399,518694
173887,02838109,2201017
173888,67821984,2894533
173889,92019399,1846108
173890,06230932,1206851
173891,9831829,1122628
173892,67821984,421450
173893,67821984,528403
173894,06230932,1989319
173895,05159822,405202
173896,06230932,1220330
173897,01846359,2065551
173898,18539217,1181169
173899,06230932,51888
173900,92019399,1794137
173901,18539217,134889
173902,67821984,2860776
173903,18539217,882962
173904,01846359,213799
173905,67821984,2822090
173906,05159822,1874805
173907,18539217,1367230
173908,02838109,645290
173909,01846359,2213247
173910,02838109,2612836
173911,02838109,139970
173912,01846359,1570712
173913,67821984,860419
173914,18581928,1518954
173915,33828139,1444631
173916,02838109,2758615
173917,01846359,412907
173918,18539217,2250106
173919,67821984,648645
173920,02838109,1190253
173921,33828139,782157
173922,01846359,783866
173923,18539217,91533
173924,67821984,1020421
173925,18581928,2344743
173926,92019399,1930646
173927,18539217,1399992
173928,02838109,2896579
173929,92019399,2859332
173930,01846359,886243
173931,06230932,2881201
173932,02838109,2405438
173933,18581928,2870054
173934,18539217,513160
173935,33828139,1584609
173936,01846359,1814930
173937,18581928,2928478
173938,06230932,921694
173939,92019399,196839
173940,05159822,710539
173941,05159822,1933986
173942,9831829,2522243
173943,06230932,2220168
173944,06230932,2498864
173945,02838109,1146352
173946,92019399,1719921
173947,33828139,1726822
173948,9831829,231387
173949,02838109,2175950
173950,67821984,2818703
173951,92019399,1852927
173952,06230932,146115
173953,05159822,2593303
173954,33828139,926963
173955,67821984,1082001
173956,92019399,901953
173957,18581928,2060660
173958,18581928,801341
173959,18539217,1303913
173960,02838109,1960701
173961,02838109,2387037
173962,9831829,330546
173963,67821984,455933
173964,18539217,758538
173965,92019399,1040902
173966,33828139,2847109
173967,33828139,658242
173968,67821984,2862826
173969,02838109,625508
173970,18581928,603089
173971,18581928,2385253
173972,33828139,1761262
173973,18539217,19733
173974,18539217,2291244
173975,67821984,1377016
173976,05159822,1900466
173977,18539217,147834
173978,06230932,2196880
173979,33828139,1869648
173980,05159822,1508981
173981,06230932,1330303
173982,9831829,496828
173983,18581928,2086690
173984,18539217,777365
173985,01846359,1581726
173986,01846359,1937935
173987,33828139,2733122
173988,02838109,2692042
173989,92019399,1962713
173990,05159822,248563
173991,18581928,1724674
173992,33828139,1418902
173993,18539217,2642869
173994,02838109,341463
173995,92019399,2370006
173996,18581928,143607
173997,18581928,1403640
173998,02838109,933846
173999,33828139,225332
174000,06230932,1124318
174001,18539217,1863187
174002,02838109,1475045
174003,02838109,240786
174004,33828139,2918574
174005,33828139,105015
174006,05159822,359531
174007,18581928,1181953
174008,18581928,2041688
174009,05159822,2956335
174010,18539217,2301678
174011,01846359,2898470
174012,67821984,1937822
174013,06230932,2097651
174014,02838109,2992676
174015,18539217,338123
174016,92019399,2308599
174017,18539217,2155926
174018,18539217,1863225
174019,06230932,2520280
174020,02838109,2987841
174021,05159822,106214
174022,92019399,2866168
174023,18581928,2210318
174024,9831829,2017103
174025,18539217,448346
174026,67821984,-8669
174027,33828139,2465751
174028,01846359,2959881
174029,92019399,1530765
174030,67821984,1739807
174031,06230932,1053422
174032,06230932,944845
174033,18539217,-3797